SEQ_NO,ALL_KWRD_RANK_CO,SRCHWRD_NM,UPPER_CTGRY_NM,LWPRT_CTGRY_NM,AREA_NM,MOBILE_SCCNT_VALUE,PC_SCCNT_VALUE,SCCNT_SM_VALUE,SCCNT_DE
41312,1,부산여행,여행,국내여행,부산광역시,2170,945,3115,20191125
41313,2,제주여행,여행,국내여행,제주특별자치도,1669,396,2065,20191125
41314,3,경주여행,여행,국내여행,경상북도,906,279,1185,20191125
41315,4,강릉여행,여행,국내여행,강원도,843,281,1124,20191125
41316,5,여수여행,여행,국내여행,전라남도,734,240,974,20191125
41317,6,전주여행,여행,국내여행,전라북도,599,210,809,20191125
41318,7,속초여행,여행,국내여행,강원도,567,213,780,20191125
41319,8,군산여행,여행,국내여행,전라북도,523,179,702,20191125
41320,9,대구여행,여행,국내여행,대구광역시,455,190,645,20191125
41321,10,포항여행,여행,국내여행,경상북도,367,146,513,20191125
41172,1,부산여행,여행,국내여행,부산광역시,1921,696,2617,20191111
41173,2,제주여행,여행,국내여행,제주특별자치도,1288,385,1673,20191111
41174,3,경주여행,여행,국내여행,경상북도,958,276,1234,20191111
41175,4,강릉여행,여행,국내여행,강원도,800,285,1085,20191111
41176,5,여수여행,여행,국내여행,전라남도,777,292,1069,20191111
41177,6,전주여행,여행,국내여행,전라북도,562,230,792,20191111
41178,7,속초여행,여행,국내여행,강원도,528,185,713,20191111
41179,8,대구여행,여행,국내여행,대구광역시,512,171,683,20191111
41180,9,군산여행,여행,국내여행,전라북도,468,187,655,20191111
41181,10,순천여행,여행,국내여행,전라남도,429,161,590,20191111
41002,1,부산여행,여행,국내여행,부산광역시,1636,652,2288,20191025
41003,2,제주여행,여행,국내여행,제주특별자치도,1169,350,1519,20191025
41004,3,경주여행,여행,국내여행,경상북도,1090,336,1426,20191025
41005,4,여수여행,여행,국내여행,전라남도,796,207,1003,20191025
41006,5,강릉여행,여행,국내여행,강원도,703,225,928,20191025
41007,6,전주여행,여행,국내여행,전라북도,624,220,844,20191025
41008,7,속초여행,여행,국내여행,강원도,547,236,783,20191025
41009,8,군산여행,여행,국내여행,전라북도,567,181,748,20191025
41010,9,대구여행,여행,국내여행,대구광역시,482,189,671,20191025
41011,10,순천여행,여행,국내여행,전라남도,448,141,589,20191025
41122,1,부산여행,여행,국내여행,부산광역시,1883,766,2649,20191106
41123,2,제주여행,여행,국내여행,제주특별자치도,1318,345,1663,20191106
41124,3,경주여행,여행,국내여행,경상북도,971,357,1328,20191106
41125,4,여수여행,여행,국내여행,전라남도,851,257,1108,20191106
41126,5,강릉여행,여행,국내여행,강원도,689,276,965,20191106
41127,6,군산여행,여행,국내여행,전라북도,529,177,706,20191106
41128,7,전주여행,여행,국내여행,전라북도,519,184,703,20191106
41129,8,대구여행,여행,국내여행,대구광역시,458,167,625,20191106
41130,9,속초여행,여행,국내여행,강원도,439,179,618,20191106
41131,10,순천여행,여행,국내여행,전라남도,316,148,464,20191106
40932,1,부산여행,여행,국내여행,부산광역시,1606,571,2177,20191018
40933,2,제주여행,여행,국내여행,제주특별자치도,1184,403,1587,20191018
40934,3,경주여행,여행,국내여행,경상북도,1007,334,1341,20191018
40935,4,여수여행,여행,국내여행,전라남도,705,262,967,20191018
40936,5,강릉여행,여행,국내여행,강원도,674,235,909,20191018
40937,6,속초여행,여행,국내여행,강원도,556,214,770,20191018
40938,7,전주여행,여행,국내여행,전라북도,502,225,727,20191018
40939,8,군산여행,여행,국내여행,전라북도,550,143,693,20191018
40940,9,순천여행,여행,국내여행,전라남도,422,191,613,20191018
40941,10,춘천여행,여행,국내여행,강원도,426,157,583,20191018
41102,1,부산여행,여행,국내여행,부산광역시,2078,865,2943,20191104
41103,2,제주여행,여행,국내여행,제주특별자치도,1348,443,1791,20191104
41104,3,경주여행,여행,국내여행,경상북도,1080,410,1490,20191104
41105,4,여수여행,여행,국내여행,전라남도,881,279,1160,20191104
41106,5,강릉여행,여행,국내여행,강원도,843,297,1140,20191104
41107,6,전주여행,여행,국내여행,전라북도,651,238,889,20191104
41108,7,군산여행,여행,국내여행,전라북도,542,196,738,20191104
41109,8,속초여행,여행,국내여행,강원도,513,192,705,20191104
41110,9,대구여행,여행,국내여행,대구광역시,500,182,682,20191104
41111,10,울산여행,여행,국내여행,울산광역시,391,153,544,20191104
41142,1,부산여행,여행,국내여행,부산광역시,1940,669,2609,20191108
41143,2,제주여행,여행,국내여행,제주특별자치도,1133,303,1436,20191108
41144,3,경주여행,여행,국내여행,경상북도,975,310,1285,20191108
41145,4,여수여행,여행,국내여행,전라남도,803,266,1069,20191108
41146,5,강릉여행,여행,국내여행,강원도,724,251,975,20191108
41147,6,속초여행,여행,국내여행,강원도,590,173,763,20191108
41148,7,대구여행,여행,국내여행,대구광역시,554,171,725,20191108
41149,8,군산여행,여행,국내여행,전라북도,528,176,704,20191108
41150,9,전주여행,여행,국내여행,전라북도,530,156,686,20191108
41151,10,춘천여행,여행,국내여행,강원도,363,137,500,20191108
41022,1,부산여행,여행,국내여행,부산광역시,1766,301,2067,20191027
41023,2,제주여행,여행,국내여행,제주특별자치도,1628,181,1809,20191027
41024,3,경주여행,여행,국내여행,경상북도,1215,152,1367,20191027
41025,4,여수여행,여행,국내여행,전라남도,881,107,988,20191027
41026,5,전주여행,여행,국내여행,전라북도,734,127,861,20191027
41027,6,강릉여행,여행,국내여행,강원도,698,113,811,20191027
41028,7,군산여행,여행,국내여행,전라북도,642,79,721,20191027
41029,8,속초여행,여행,국내여행,강원도,563,91,654,20191027
41030,9,대구여행,여행,국내여행,대구광역시,549,74,623,20191027
41031,10,순천여행,여행,국내여행,전라남도,465,71,536,20191027
41132,1,부산여행,여행,국내여행,부산광역시,1917,835,2752,20191107
41133,2,제주여행,여행,국내여행,제주특별자치도,1311,378,1689,20191107
41134,3,경주여행,여행,국내여행,경상북도,1032,341,1373,20191107
41135,4,강릉여행,여행,국내여행,강원도,849,299,1148,20191107
41136,5,여수여행,여행,국내여행,전라남도,782,266,1048,20191107
41137,6,속초여행,여행,국내여행,강원도,530,229,759,20191107
41138,7,전주여행,여행,국내여행,전라북도,524,189,713,20191107
41139,8,군산여행,여행,국내여행,전라북도,461,172,633,20191107
41140,9,대구여행,여행,국내여행,대구광역시,398,169,567,20191107
41141,10,순천여행,여행,국내여행,전라남도,306,129,435,20191107
40992,1,부산여행,여행,국내여행,부산광역시,1573,637,2210,20191024
40993,2,제주여행,여행,국내여행,제주특별자치도,1272,484,1756,20191024
40994,3,경주여행,여행,국내여행,경상북도,1028,343,1371,20191024
40995,4,여수여행,여행,국내여행,전라남도,837,207,1044,20191024
40996,5,강릉여행,여행,국내여행,강원도,621,245,866,20191024
40997,6,속초여행,여행,국내여행,강원도,546,243,789,20191024
40998,7,전주여행,여행,국내여행,전라북도,515,237,752,20191024
40999,8,군산여행,여행,국내여행,전라북도,543,172,715,20191024
41000,9,대구여행,여행,국내여행,대구광역시,372,187,559,20191024
41001,10,춘천여행,여행,국내여행,강원도,379,147,526,20191024
41032,1,부산여행,여행,국내여행,부산광역시,1801,853,2654,20191028
41033,2,제주여행,여행,국내여행,제주특별자치도,1444,578,2022,20191028
41034,3,경주여행,여행,국내여행,경상북도,1099,402,1501,20191028
41035,4,여수여행,여행,국내여행,전라남도,910,282,1192,20191028
41036,5,강릉여행,여행,국내여행,강원도,655,240,895,20191028
41037,6,전주여행,여행,국내여행,전라북도,644,213,857,20191028
41038,7,군산여행,여행,국내여행,전라북도,519,199,718,20191028
41039,8,속초여행,여행,국내여행,강원도,437,205,642,20191028
41040,9,대구여행,여행,국내여행,대구광역시,444,193,637,20191028
41041,10,순천여행,여행,국내여행,전라남도,427,159,586,20191028
40902,1,부산여행,여행,국내여행,부산광역시,1332,610,1942,20191015
40903,2,제주여행,여행,국내여행,제주특별자치도,1157,443,1600,20191015
40904,3,경주여행,여행,국내여행,경상북도,894,327,1221,20191015
40905,4,여수여행,여행,국내여행,전라남도,704,283,987,20191015
40906,5,강릉여행,여행,국내여행,강원도,525,252,777,20191015
40907,6,전주여행,여행,국내여행,전라북도,466,211,677,20191015
40908,7,군산여행,여행,국내여행,전라북도,476,173,649,20191015
40909,8,속초여행,여행,국내여행,강원도,414,192,606,20191015
40910,9,대구여행,여행,국내여행,대구광역시,398,180,578,20191015
40911,10,순천여행,여행,국내여행,전라남도,348,171,519,20191015
40892,1,부산여행,여행,국내여행,부산광역시,1426,667,2093,20191014
40893,2,제주여행,여행,국내여행,제주특별자치도,1223,551,1774,20191014
40894,3,경주여행,여행,국내여행,경상북도,991,472,1463,20191014
40895,4,여수여행,여행,국내여행,전라남도,666,296,962,20191014
40896,5,강릉여행,여행,국내여행,강원도,499,263,762,20191014
40897,6,속초여행,여행,국내여행,강원도,479,216,695,20191014
40898,7,군산여행,여행,국내여행,전라북도,480,181,661,20191014
40899,8,전주여행,여행,국내여행,전라북도,460,177,637,20191014
40900,9,대구여행,여행,국내여행,대구광역시,348,175,523,20191014
40901,10,춘천여행,여행,국내여행,강원도,346,149,495,20191014
40732,1,부산여행,여행,국내여행,부산광역시,1568,341,1909,20190928
40733,2,경주여행,여행,국내여행,경상북도,1250,183,1433,20190928
40734,3,제주여행,여행,국내여행,제주특별자치도,1255,177,1432,20190928
40735,4,여수여행,여행,국내여행,전라남도,837,126,963,20190928
40736,5,강릉여행,여행,국내여행,강원도,779,129,908,20190928
40737,6,군산여행,여행,국내여행,전라북도,622,92,714,20190928
40738,7,전주여행,여행,국내여행,전라북도,610,89,699,20190928
40739,8,대구여행,여행,국내여행,대구광역시,546,89,635,20190928
40740,9,속초여행,여행,국내여행,강원도,532,79,611,20190928
40741,10,춘천여행,여행,국내여행,강원도,469,69,538,20190928
40702,1,부산여행,여행,국내여행,부산광역시,1504,843,2347,20190925
40703,2,경주여행,여행,국내여행,경상북도,1230,623,1853,20190925
40704,3,제주여행,여행,국내여행,제주특별자치도,1241,437,1678,20190925
40705,4,여수여행,여행,국내여행,전라남도,801,260,1061,20190925
40706,5,강릉여행,여행,국내여행,강원도,692,254,946,20190925
40707,6,속초여행,여행,국내여행,강원도,493,195,688,20190925
40708,7,전주여행,여행,국내여행,전라북도,489,199,688,20190925
40709,8,대구여행,여행,국내여행,대구광역시,408,172,580,20190925
40710,9,군산여행,여행,국내여행,전라북도,413,159,572,20190925
40711,10,순천여행,여행,국내여행,전라남도,372,189,561,20190925
40622,1,부산여행,여행,국내여행,부산광역시,1346,907,2253,20190917
40623,2,경주여행,여행,국내여행,경상북도,1293,577,1870,20190917
40624,3,제주여행,여행,국내여행,제주특별자치도,1283,553,1836,20190917
40625,4,여수여행,여행,국내여행,전라남도,703,283,986,20190917
40626,5,강릉여행,여행,국내여행,강원도,642,271,913,20190917
40627,6,전주여행,여행,국내여행,전라북도,490,233,723,20190917
40628,7,속초여행,여행,국내여행,강원도,505,211,716,20190917
40629,8,군산여행,여행,국내여행,전라북도,479,226,705,20190917
40630,9,대구여행,여행,국내여행,대구광역시,407,187,594,20190917
40631,10,남해여행,여행,국내여행,경상남도,371,184,555,20190917
40782,1,부산여행,여행,국내여행,부산광역시,2297,491,2788,20191003
40783,2,경주여행,여행,국내여행,경상북도,1660,262,1922,20191003
40784,3,제주여행,여행,국내여행,제주특별자치도,1409,232,1641,20191003
40785,4,여수여행,여행,국내여행,전라남도,1243,158,1401,20191003
40786,5,강릉여행,여행,국내여행,강원도,1008,158,1166,20191003
40787,6,전주여행,여행,국내여행,전라북도,968,135,1103,20191003
40788,7,군산여행,여행,국내여행,전라북도,896,119,1015,20191003
40789,8,속초여행,여행,국내여행,강원도,776,114,890,20191003
40790,9,춘천여행,여행,국내여행,강원도,677,89,766,20191003
40791,10,대구여행,여행,국내여행,대구광역시,637,113,750,20191003
40722,1,부산여행,여행,국내여행,부산광역시,1461,705,2166,20190927
40723,2,경주여행,여행,국내여행,경상북도,1165,459,1624,20190927
40724,3,제주여행,여행,국내여행,제주특별자치도,1237,359,1596,20190927
40725,4,강릉여행,여행,국내여행,강원도,679,309,988,20190927
40726,5,여수여행,여행,국내여행,전라남도,719,243,962,20190927
40727,6,속초여행,여행,국내여행,강원도,558,223,781,20190927
40728,7,전주여행,여행,국내여행,전라북도,532,235,767,20190927
40729,8,군산여행,여행,국내여행,전라북도,494,206,700,20190927
40730,9,대구여행,여행,국내여행,대구광역시,472,161,633,20190927
40731,10,춘천여행,여행,국내여행,강원도,429,165,594,20190927
40742,1,부산여행,여행,국내여행,부산광역시,1881,434,2315,20190929
40743,2,경주여행,여행,국내여행,경상북도,1673,248,1921,20190929
40744,3,제주여행,여행,국내여행,제주특별자치도,1368,245,1613,20190929
40745,4,여수여행,여행,국내여행,전라남도,927,112,1039,20190929
40746,5,강릉여행,여행,국내여행,강원도,850,129,979,20190929
40747,6,군산여행,여행,국내여행,전라북도,884,94,978,20190929
40748,7,전주여행,여행,국내여행,전라북도,752,109,861,20190929
40749,8,속초여행,여행,국내여행,강원도,615,97,712,20190929
40750,9,대구여행,여행,국내여행,대구광역시,602,86,688,20190929
40751,10,순천여행,여행,국내여행,전라남도,580,84,664,20190929
40832,1,부산여행,여행,국내여행,부산광역시,1520,767,2287,20191008
40833,2,제주여행,여행,국내여행,제주특별자치도,1158,354,1512,20191008
40834,3,경주여행,여행,국내여행,경상북도,1032,415,1447,20191008
40835,4,강릉여행,여행,국내여행,강원도,673,277,950,20191008
40836,5,여수여행,여행,국내여행,전라남도,662,231,893,20191008
40837,6,군산여행,여행,국내여행,전라북도,607,222,829,20191008
40838,7,전주여행,여행,국내여행,전라북도,521,198,719,20191008
40839,8,속초여행,여행,국내여행,강원도,509,206,715,20191008
40840,9,대구여행,여행,국내여행,대구광역시,461,193,654,20191008
40841,10,순천여행,여행,국내여행,전라남도,405,180,585,20191008
40032,1,부산여행,여행,국내여행,부산광역시,2469,772,3241,20190720
40033,2,제주여행,여행,국내여행,제주특별자치도,1719,388,2107,20190720
40034,3,여수여행,여행,국내여행,전라남도,1429,245,1674,20190720
40035,4,강릉여행,여행,국내여행,강원도,1208,277,1485,20190720
40036,5,경주여행,여행,국내여행,경상북도,1062,236,1298,20190720
40037,6,속초여행,여행,국내여행,강원도,992,139,1131,20190720
40038,7,목포여행,여행,국내여행,전라남도,620,102,722,20190720
40039,8,군산여행,여행,국내여행,전라북도,599,83,682,20190720
40040,9,춘천여행,여행,국내여행,강원도,572,84,656,20190720
40041,10,대구여행,여행,국내여행,대구광역시,536,115,651,20190720
40422,1,부산여행,여행,국내여행,부산광역시,1467,785,2252,20190828
40423,2,제주여행,여행,국내여행,제주특별자치도,1387,567,1954,20190828
40424,3,경주여행,여행,국내여행,경상북도,1039,297,1336,20190828
40425,4,강릉여행,여행,국내여행,강원도,709,256,965,20190828
40426,5,여수여행,여행,국내여행,전라남도,690,274,964,20190828
40427,6,속초여행,여행,국내여행,강원도,480,194,674,20190828
40428,7,전주여행,여행,국내여행,전라북도,465,208,673,20190828
40429,8,대구여행,여행,국내여행,대구광역시,422,187,609,20190828
40430,9,군산여행,여행,국내여행,전라북도,409,162,571,20190828
40431,10,춘천여행,여행,국내여행,강원도,339,132,471,20190828
40822,1,부산여행,여행,국내여행,부산광역시,1488,801,2289,20191007
40823,2,제주여행,여행,국내여행,제주특별자치도,1246,368,1614,20191007
40824,3,경주여행,여행,국내여행,경상북도,1118,460,1578,20191007
40825,4,여수여행,여행,국내여행,전라남도,720,316,1036,20191007
40826,5,강릉여행,여행,국내여행,강원도,655,252,907,20191007
40827,6,군산여행,여행,국내여행,전라북도,620,193,813,20191007
40828,7,전주여행,여행,국내여행,전라북도,539,199,738,20191007
40829,8,속초여행,여행,국내여행,강원도,491,222,713,20191007
40830,9,대구여행,여행,국내여행,대구광역시,436,196,632,20191007
40831,10,순천여행,여행,국내여행,전라남도,345,188,533,20191007
40532,1,부산여행,여행,국내여행,부산광역시,1717,364,2081,20190908
40533,2,제주여행,여행,국내여행,제주특별자치도,1157,220,1377,20190908
40534,3,경주여행,여행,국내여행,경상북도,1129,177,1306,20190908
40535,4,여수여행,여행,국내여행,전라남도,782,107,889,20190908
40536,5,강릉여행,여행,국내여행,강원도,593,152,745,20190908
40537,6,전주여행,여행,국내여행,전라북도,490,114,604,20190908
40538,7,속초여행,여행,국내여행,강원도,489,85,574,20190908
40539,8,군산여행,여행,국내여행,전라북도,440,79,519,20190908
40540,9,대구여행,여행,국내여행,대구광역시,441,77,518,20190908
40541,10,춘천여행,여행,국내여행,강원도,419,56,475,20190908
40522,1,부산여행,여행,국내여행,부산광역시,1386,273,1659,20190907
40523,2,제주여행,여행,국내여행,제주특별자치도,969,178,1147,20190907
40524,3,경주여행,여행,국내여행,경상북도,724,158,882,20190907
40525,4,여수여행,여행,국내여행,전라남도,545,124,669,20190907
40526,5,강릉여행,여행,국내여행,강원도,554,107,661,20190907
40527,6,속초여행,여행,국내여행,강원도,422,66,488,20190907
40528,7,전주여행,여행,국내여행,전라북도,392,79,471,20190907
40529,8,군산여행,여행,국내여행,전라북도,388,67,455,20190907
40530,9,대구여행,여행,국내여행,대구광역시,345,74,419,20190907
40531,10,안동여행,여행,국내여행,경상북도,220,80,300,20190907
40332,1,부산여행,여행,국내여행,부산광역시,1936,1082,3018,20190819
40333,2,제주여행,여행,국내여행,제주특별자치도,1517,648,2165,20190819
40334,3,경주여행,여행,국내여행,경상북도,1075,408,1483,20190819
40335,4,강릉여행,여행,국내여행,강원도,981,390,1371,20190819
40336,5,여수여행,여행,국내여행,전라남도,964,320,1284,20190819
40337,6,속초여행,여행,국내여행,강원도,676,272,948,20190819
40338,7,군산여행,여행,국내여행,전라북도,529,206,735,20190819
40339,8,전주여행,여행,국내여행,전라북도,466,226,692,20190819
40340,9,남해여행,여행,국내여행,경상남도,494,195,689,20190819
40341,10,대구여행,여행,국내여행,대구광역시,449,191,640,20190819
40022,1,부산여행,여행,국내여행,부산광역시,2243,1158,3401,20190719
40023,2,제주여행,여행,국내여행,제주특별자치도,1416,650,2066,20190719
40024,3,여수여행,여행,국내여행,전라남도,1119,397,1516,20190719
40025,4,강릉여행,여행,국내여행,강원도,995,452,1447,20190719
40026,5,경주여행,여행,국내여행,경상북도,863,360,1223,20190719
40027,6,속초여행,여행,국내여행,강원도,894,306,1200,20190719
40028,7,남해여행,여행,국내여행,경상남도,471,231,702,20190719
40029,8,군산여행,여행,국내여행,전라북도,465,184,649,20190719
40030,9,대구여행,여행,국내여행,대구광역시,448,185,633,20190719
40031,10,전주여행,여행,국내여행,전라북도,418,196,614,20190719
40222,1,부산여행,여행,국내여행,부산광역시,2499,1349,3848,20190808
40223,2,제주여행,여행,국내여행,제주특별자치도,1459,646,2105,20190808
40224,3,여수여행,여행,국내여행,전라남도,1191,409,1600,20190808
40225,4,강릉여행,여행,국내여행,강원도,1070,443,1513,20190808
40226,5,경주여행,여행,국내여행,경상북도,1078,336,1414,20190808
40227,6,속초여행,여행,국내여행,강원도,745,305,1050,20190808
40228,7,군산여행,여행,국내여행,전라북도,619,219,838,20190808
40229,8,전주여행,여행,국내여행,전라북도,507,199,706,20190808
40230,9,남해여행,여행,국내여행,경상남도,503,200,703,20190808
40231,10,대구여행,여행,국내여행,대구광역시,521,170,691,20190808
40132,1,부산여행,여행,국내여행,부산광역시,3371,1767,5138,20190730
40133,2,여수여행,여행,국내여행,전라남도,1787,607,2394,20190730
40134,3,제주여행,여행,국내여행,제주특별자치도,1687,689,2376,20190730
40135,4,경주여행,여행,국내여행,경상북도,1522,497,2019,20190730
40136,5,강릉여행,여행,국내여행,강원도,1355,646,2001,20190730
40137,6,속초여행,여행,국내여행,강원도,1182,409,1591,20190730
40138,7,남해여행,여행,국내여행,경상남도,854,301,1155,20190730
40139,8,군산여행,여행,국내여행,전라북도,836,291,1127,20190730
40140,9,전주여행,여행,국내여행,전라북도,772,280,1052,20190730
40141,10,통영여행,여행,국내여행,경상남도,673,239,912,20190730
39922,1,부산여행,여행,국내여행,부산광역시,2470,1629,4099,20190709
39923,2,제주여행,여행,국내여행,제주특별자치도,1775,764,2539,20190709
39924,3,여수여행,여행,국내여행,전라남도,1309,511,1820,20190709
39925,4,강릉여행,여행,국내여행,강원도,1083,435,1518,20190709
39926,5,경주여행,여행,국내여행,경상북도,1078,430,1508,20190709
39927,6,속초여행,여행,국내여행,강원도,797,328,1125,20190709
39928,7,남해여행,여행,국내여행,경상남도,630,301,931,20190709
39929,8,전주여행,여행,국내여행,전라북도,507,254,761,20190709
39930,9,대구여행,여행,국내여행,대구광역시,520,206,726,20190709
39931,10,군산여행,여행,국내여행,전라북도,481,243,724,20190709
40432,1,부산여행,여행,국내여행,부산광역시,1517,715,2232,20190829
40433,2,제주여행,여행,국내여행,제주특별자치도,1193,511,1704,20190829
40434,3,경주여행,여행,국내여행,경상북도,935,342,1277,20190829
40435,4,여수여행,여행,국내여행,전라남도,724,283,1007,20190829
40436,5,강릉여행,여행,국내여행,강원도,732,270,1002,20190829
40437,6,속초여행,여행,국내여행,강원도,420,181,601,20190829
40438,7,전주여행,여행,국내여행,전라북도,401,195,596,20190829
40439,8,군산여행,여행,국내여행,전라북도,409,160,569,20190829
40440,9,대구여행,여행,국내여행,대구광역시,405,147,552,20190829
40441,10,남해여행,여행,국내여행,경상남도,317,155,472,20190829
39932,1,부산여행,여행,국내여행,부산광역시,2443,1556,3999,20190710
39933,2,제주여행,여행,국내여행,제주특별자치도,1531,751,2282,20190710
39934,3,여수여행,여행,국내여행,전라남도,1171,415,1586,20190710
39935,4,강릉여행,여행,국내여행,강원도,1006,413,1419,20190710
39936,5,경주여행,여행,국내여행,경상북도,992,426,1418,20190710
39937,6,속초여행,여행,국내여행,강원도,797,286,1083,20190710
39938,7,남해여행,여행,국내여행,경상남도,567,267,834,20190710
39939,8,전주여행,여행,국내여행,전라북도,491,215,706,20190710
39940,9,통영여행,여행,국내여행,경상남도,484,203,687,20190710
39941,10,군산여행,여행,국내여행,전라북도,485,201,686,20190710
42682,1,제주여행,여행,국내여행,제주특별자치도,1349,326,1675,20200410
42683,2,강릉여행,여행,국내여행,강원도,739,238,977,20200410
42684,3,부산여행,여행,국내여행,부산광역시,610,246,856,20200410
42685,4,여수여행,여행,국내여행,전라남도,525,165,690,20200410
42686,5,속초여행,여행,국내여행,강원도,502,159,661,20200410
42687,6,남해여행,여행,국내여행,경상남도,331,132,463,20200410
42688,7,군산여행,여행,국내여행,전라북도,306,153,459,20200410
42689,8,경주여행,여행,국내여행,경상북도,300,153,453,20200410
42690,9,전주여행,여행,국내여행,전라북도,305,134,439,20200410
42691,10,춘천여행,여행,국내여행,강원도,246,87,333,20200410
42522,1,제주여행,여행,국내여행,제주특별자치도,1674,267,1941,20200325
42523,2,강릉여행,여행,국내여행,강원도,547,227,774,20200325
42524,3,여수여행,여행,국내여행,전라남도,469,159,628,20200325
42525,4,부산여행,여행,국내여행,부산광역시,437,156,593,20200325
42526,5,속초여행,여행,국내여행,강원도,429,145,574,20200325
42527,6,전주여행,여행,국내여행,전라북도,287,105,392,20200325
42528,7,경주여행,여행,국내여행,경상북도,250,95,345,20200325
42529,8,군산여행,여행,국내여행,전라북도,221,108,329,20200325
42530,9,남해여행,여행,국내여행,경상남도,233,92,325,20200325
42531,10,춘천여행,여행,국내여행,강원도,192,56,248,20200325
42612,1,제주여행,여행,국내여행,제주특별자치도,1527,284,1811,20200403
42613,2,강릉여행,여행,국내여행,강원도,745,219,964,20200403
42614,3,부산여행,여행,국내여행,부산광역시,638,188,826,20200403
42615,4,여수여행,여행,국내여행,전라남도,577,175,752,20200403
42616,5,속초여행,여행,국내여행,강원도,553,163,716,20200403
42617,6,전주여행,여행,국내여행,전라북도,328,108,436,20200403
42618,7,경주여행,여행,국내여행,경상북도,289,141,430,20200403
42619,8,군산여행,여행,국내여행,전라북도,240,137,377,20200403
42620,9,남해여행,여행,국내여행,경상남도,255,101,356,20200403
42621,10,춘천여행,여행,국내여행,강원도,234,84,318,20200403
42662,1,제주여행,여행,국내여행,제주특별자치도,1498,393,1891,20200408
42663,2,강릉여행,여행,국내여행,강원도,653,244,897,20200408
42664,3,부산여행,여행,국내여행,부산광역시,621,227,848,20200408
42665,4,여수여행,여행,국내여행,전라남도,542,189,731,20200408
42666,5,속초여행,여행,국내여행,강원도,433,197,630,20200408
42667,6,경주여행,여행,국내여행,경상북도,310,146,456,20200408
42668,7,남해여행,여행,국내여행,경상남도,315,125,440,20200408
42669,8,전주여행,여행,국내여행,전라북도,315,108,423,20200408
42670,9,군산여행,여행,국내여행,전라북도,237,143,380,20200408
42671,10,통영여행,여행,국내여행,경상남도,176,103,279,20200408
42622,1,제주여행,여행,국내여행,제주특별자치도,1263,120,1383,20200404
42623,2,강릉여행,여행,국내여행,강원도,742,95,837,20200404
42624,3,부산여행,여행,국내여행,부산광역시,742,81,823,20200404
42625,4,속초여행,여행,국내여행,강원도,572,73,645,20200404
42626,5,여수여행,여행,국내여행,전라남도,506,83,589,20200404
42627,6,경주여행,여행,국내여행,경상북도,382,61,443,20200404
42628,7,전주여행,여행,국내여행,전라북도,369,44,413,20200404
42629,8,군산여행,여행,국내여행,전라북도,352,53,405,20200404
42630,9,남해여행,여행,국내여행,경상남도,327,44,371,20200404
42631,10,춘천여행,여행,국내여행,강원도,297,34,331,20200404
42582,1,제주여행,여행,국내여행,제주특별자치도,1434,284,1718,20200331
42583,2,강릉여행,여행,국내여행,강원도,610,223,833,20200331
42584,3,부산여행,여행,국내여행,부산광역시,495,204,699,20200331
42585,4,여수여행,여행,국내여행,전라남도,475,193,668,20200331
42586,5,속초여행,여행,국내여행,강원도,415,135,550,20200331
42587,6,경주여행,여행,국내여행,경상북도,322,130,452,20200331
42588,7,전주여행,여행,국내여행,전라북도,307,125,432,20200331
42589,8,남해여행,여행,국내여행,경상남도,287,116,403,20200331
42590,9,군산여행,여행,국내여행,전라북도,198,121,319,20200331
42591,10,목포여행,여행,국내여행,전라남도,167,69,236,20200331
42632,1,제주여행,여행,국내여행,제주특별자치도,1507,134,1641,20200405
42633,2,부산여행,여행,국내여행,부산광역시,722,129,851,20200405
42634,3,강릉여행,여행,국내여행,강원도,724,116,840,20200405
42635,4,여수여행,여행,국내여행,전라남도,563,81,644,20200405
42636,5,속초여행,여행,국내여행,강원도,500,87,587,20200405
42637,6,경주여행,여행,국내여행,경상북도,383,56,439,20200405
42638,7,남해여행,여행,국내여행,경상남도,345,41,386,20200405
42639,8,전주여행,여행,국내여행,전라북도,309,51,360,20200405
42640,9,군산여행,여행,국내여행,전라북도,282,57,339,20200405
42641,10,통영여행,여행,국내여행,경상남도,249,42,291,20200405
42592,1,제주여행,여행,국내여행,제주특별자치도,1548,261,1809,20200401
42593,2,강릉여행,여행,국내여행,강원도,597,233,830,20200401
42594,3,여수여행,여행,국내여행,전라남도,556,178,734,20200401
42595,4,부산여행,여행,국내여행,부산광역시,487,195,682,20200401
42596,5,속초여행,여행,국내여행,강원도,515,160,675,20200401
42597,6,경주여행,여행,국내여행,경상북도,284,131,415,20200401
42598,7,남해여행,여행,국내여행,경상남도,263,116,379,20200401
42599,8,군산여행,여행,국내여행,전라북도,259,118,377,20200401
42600,9,전주여행,여행,국내여행,전라북도,253,107,360,20200401
42601,10,춘천여행,여행,국내여행,강원도,205,58,263,20200401
42652,1,제주여행,여행,국내여행,제주특별자치도,1369,288,1657,20200407
42653,2,강릉여행,여행,국내여행,강원도,606,260,866,20200407
42654,3,부산여행,여행,국내여행,부산광역시,638,212,850,20200407
42655,4,여수여행,여행,국내여행,전라남도,512,185,697,20200407
42656,5,속초여행,여행,국내여행,강원도,382,187,569,20200407
42657,6,남해여행,여행,국내여행,경상남도,333,145,478,20200407
42658,7,경주여행,여행,국내여행,경상북도,315,158,473,20200407
42659,8,군산여행,여행,국내여행,전라북도,289,134,423,20200407
42660,9,전주여행,여행,국내여행,전라북도,278,113,391,20200407
42661,10,춘천여행,여행,국내여행,강원도,178,77,255,20200407
42532,1,제주여행,여행,국내여행,제주특별자치도,2138,337,2475,20200326
42533,2,강릉여행,여행,국내여행,강원도,606,229,835,20200326
42534,3,부산여행,여행,국내여행,부산광역시,563,177,740,20200326
42535,4,여수여행,여행,국내여행,전라남도,486,150,636,20200326
42536,5,속초여행,여행,국내여행,강원도,443,149,592,20200326
42537,6,전주여행,여행,국내여행,전라북도,306,96,402,20200326
42538,7,경주여행,여행,국내여행,경상북도,253,108,361,20200326
42539,8,군산여행,여행,국내여행,전라북도,234,121,355,20200326
42540,9,남해여행,여행,국내여행,경상남도,210,99,309,20200326
42541,10,춘천여행,여행,국내여행,강원도,225,62,287,20200326
42502,1,제주여행,여행,국내여행,제주특별자치도,1876,375,2251,20200323
42503,2,강릉여행,여행,국내여행,강원도,653,222,875,20200323
42504,3,속초여행,여행,국내여행,강원도,518,172,690,20200323
42505,4,부산여행,여행,국내여행,부산광역시,485,183,668,20200323
42506,5,여수여행,여행,국내여행,전라남도,501,157,658,20200323
42507,6,경주여행,여행,국내여행,경상북도,291,138,429,20200323
42508,7,전주여행,여행,국내여행,전라북도,279,118,397,20200323
42509,8,남해여행,여행,국내여행,경상남도,286,108,394,20200323
42510,9,군산여행,여행,국내여행,전라북도,244,100,344,20200323
42511,10,춘천여행,여행,국내여행,강원도,226,54,280,20200323
42302,1,제주여행,여행,국내여행,제주특별자치도,2384,351,2735,20200303
42303,2,강릉여행,여행,국내여행,강원도,540,207,747,20200303
42304,3,여수여행,여행,국내여행,전라남도,429,141,570,20200303
42305,4,속초여행,여행,국내여행,강원도,398,115,513,20200303
42306,5,부산여행,여행,국내여행,부산광역시,366,93,459,20200303
42307,6,대구여행,여행,국내여행,대구광역시,204,90,294,20200303
42308,7,경주여행,여행,국내여행,경상북도,211,66,277,20200303
42309,8,춘천여행,여행,국내여행,강원도,186,68,254,20200303
42310,9,전주여행,여행,국내여행,전라북도,184,55,239,20200303
42311,10,남해여행,여행,국내여행,경상남도,180,57,237,20200303
42142,1,제주여행,여행,국내여행,제주특별자치도,2985,397,3382,20200216
42143,2,부산여행,여행,국내여행,부산광역시,2954,386,3340,20200216
42144,3,강릉여행,여행,국내여행,강원도,1423,153,1576,20200216
42145,4,경주여행,여행,국내여행,경상북도,1239,150,1389,20200216
42146,5,여수여행,여행,국내여행,전라남도,1164,123,1287,20200216
42147,6,전주여행,여행,국내여행,전라북도,891,93,984,20200216
42148,7,속초여행,여행,국내여행,강원도,811,132,943,20200216
42149,8,대구여행,여행,국내여행,대구광역시,667,90,757,20200216
42150,9,남해여행,여행,국내여행,경상남도,532,65,597,20200216
42151,10,완도여행,여행,국내여행,전라남도,551,37,588,20200216
42202,1,제주여행,여행,국내여행,제주특별자치도,1675,193,1868,20200222
42203,2,부산여행,여행,국내여행,부산광역시,1101,126,1227,20200222
42204,3,강릉여행,여행,국내여행,강원도,818,102,920,20200222
42205,4,속초여행,여행,국내여행,강원도,701,66,767,20200222
42206,5,여수여행,여행,국내여행,전라남도,656,51,707,20200222
42207,6,대구여행,여행,국내여행,대구광역시,541,70,611,20200222
42208,7,경주여행,여행,국내여행,경상북도,354,59,413,20200222
42209,8,전주여행,여행,국내여행,전라북도,307,34,341,20200222
42210,9,춘천여행,여행,국내여행,강원도,261,28,289,20200222
42211,10,군산여행,여행,국내여행,전라북도,228,22,250,20200222
42352,1,제주여행,여행,국내여행,제주특별자치도,2445,232,2677,20200308
42353,2,강릉여행,여행,국내여행,강원도,848,123,971,20200308
42354,3,속초여행,여행,국내여행,강원도,591,99,690,20200308
42355,4,여수여행,여행,국내여행,전라남도,620,65,685,20200308
42356,5,부산여행,여행,국내여행,부산광역시,588,80,668,20200308
42357,6,군산여행,여행,국내여행,전라북도,330,58,388,20200308
42358,7,전주여행,여행,국내여행,전라북도,327,56,383,20200308
42359,8,경주여행,여행,국내여행,경상북도,326,52,378,20200308
42360,9,목포여행,여행,국내여행,전라남도,331,26,357,20200308
42361,10,춘천여행,여행,국내여행,강원도,302,41,343,20200308
42342,1,제주여행,여행,국내여행,제주특별자치도,2241,259,2500,20200307
42343,2,강릉여행,여행,국내여행,강원도,805,113,918,20200307
42344,3,속초여행,여행,국내여행,강원도,683,75,758,20200307
42345,4,부산여행,여행,국내여행,부산광역시,551,86,637,20200307
42346,5,여수여행,여행,국내여행,전라남도,548,69,617,20200307
42347,6,춘천여행,여행,국내여행,강원도,349,49,398,20200307
42348,7,군산여행,여행,국내여행,전라북도,309,53,362,20200307
42349,8,목포여행,여행,국내여행,전라남도,311,43,354,20200307
42350,9,전주여행,여행,국내여행,전라북도,301,45,346,20200307
42351,10,남해여행,여행,국내여행,경상남도,265,33,298,20200307
42382,1,제주여행,여행,국내여행,제주특별자치도,2215,448,2663,20200311
42383,2,강릉여행,여행,국내여행,강원도,718,255,973,20200311
42384,3,여수여행,여행,국내여행,전라남도,610,183,793,20200311
42385,4,속초여행,여행,국내여행,강원도,519,213,732,20200311
42386,5,부산여행,여행,국내여행,부산광역시,462,164,626,20200311
42387,6,경주여행,여행,국내여행,경상북도,318,125,443,20200311
42388,7,전주여행,여행,국내여행,전라북도,320,114,434,20200311
42389,8,군산여행,여행,국내여행,전라북도,283,117,400,20200311
42390,9,남해여행,여행,국내여행,경상남도,297,91,388,20200311
42391,10,춘천여행,여행,국내여행,강원도,245,101,346,20200311
42452,1,제주여행,여행,국내여행,제주특별자치도,2265,470,2735,20200318
42453,2,강릉여행,여행,국내여행,강원도,838,314,1152,20200318
42454,3,여수여행,여행,국내여행,전라남도,641,233,874,20200318
42455,4,속초여행,여행,국내여행,강원도,616,229,845,20200318
42456,5,부산여행,여행,국내여행,부산광역시,601,174,775,20200318
42457,6,전주여행,여행,국내여행,전라북도,395,121,516,20200318
42458,7,경주여행,여행,국내여행,경상북도,321,155,476,20200318
42459,8,남해여행,여행,국내여행,경상남도,317,137,454,20200318
42460,9,군산여행,여행,국내여행,전라북도,257,150,407,20200318
42461,10,춘천여행,여행,국내여행,강원도,265,82,347,20200318
42372,1,제주여행,여행,국내여행,제주특별자치도,2441,586,3027,20200310
42373,2,강릉여행,여행,국내여행,강원도,672,241,913,20200310
42374,3,여수여행,여행,국내여행,전라남도,639,180,819,20200310
42375,4,속초여행,여행,국내여행,강원도,477,188,665,20200310
42376,5,부산여행,여행,국내여행,부산광역시,400,184,584,20200310
42377,6,남해여행,여행,국내여행,경상남도,309,118,427,20200310
42378,7,전주여행,여행,국내여행,전라북도,299,106,405,20200310
42379,8,경주여행,여행,국내여행,경상북도,236,110,346,20200310
42380,9,군산여행,여행,국내여행,전라북도,206,98,304,20200310
42381,10,목포여행,여행,국내여행,전라남도,204,73,277,20200310
42492,1,제주여행,여행,국내여행,제주특별자치도,2072,192,2264,20200322
42493,2,강릉여행,여행,국내여행,강원도,857,141,998,20200322
42494,3,여수여행,여행,국내여행,전라남도,672,75,747,20200322
42495,4,부산여행,여행,국내여행,부산광역시,633,108,741,20200322
42496,5,속초여행,여행,국내여행,강원도,618,77,695,20200322
42497,6,경주여행,여행,국내여행,경상북도,352,63,415,20200322
42498,7,전주여행,여행,국내여행,전라북도,342,57,399,20200322
42499,8,군산여행,여행,국내여행,전라북도,334,46,380,20200322
42500,9,춘천여행,여행,국내여행,강원도,319,39,358,20200322
42501,10,남해여행,여행,국내여행,경상남도,323,29,352,20200322
42462,1,제주여행,여행,국내여행,제주특별자치도,1846,411,2257,20200319
42463,2,강릉여행,여행,국내여행,강원도,872,281,1153,20200319
42464,3,속초여행,여행,국내여행,강원도,666,205,871,20200319
42465,4,부산여행,여행,국내여행,부산광역시,577,195,772,20200319
42466,5,여수여행,여행,국내여행,전라남도,571,183,754,20200319
42467,6,전주여행,여행,국내여행,전라북도,363,126,489,20200319
42468,7,경주여행,여행,국내여행,경상북도,304,136,440,20200319
42469,8,군산여행,여행,국내여행,전라북도,305,132,437,20200319
42470,9,남해여행,여행,국내여행,경상남도,284,112,396,20200319
42471,10,목포여행,여행,국내여행,전라남도,237,97,334,20200319
42432,1,제주여행,여행,국내여행,제주특별자치도,2245,484,2729,20200316
42433,2,강릉여행,여행,국내여행,강원도,725,280,1005,20200316
42434,3,여수여행,여행,국내여행,전라남도,660,182,842,20200316
42435,4,속초여행,여행,국내여행,강원도,534,204,738,20200316
42436,5,부산여행,여행,국내여행,부산광역시,538,180,718,20200316
42437,6,전주여행,여행,국내여행,전라북도,382,127,509,20200316
42438,7,남해여행,여행,국내여행,경상남도,358,122,480,20200316
42439,8,경주여행,여행,국내여행,경상북도,309,132,441,20200316
42440,9,군산여행,여행,국내여행,전라북도,263,135,398,20200316
42441,10,목포여행,여행,국내여행,전라남도,225,94,319,20200316
42422,1,제주여행,여행,국내여행,제주특별자치도,2336,207,2543,20200315
42423,2,강릉여행,여행,국내여행,강원도,849,121,970,20200315
42424,3,부산여행,여행,국내여행,부산광역시,727,107,834,20200315
42425,4,여수여행,여행,국내여행,전라남도,703,84,787,20200315
42426,5,속초여행,여행,국내여행,강원도,675,78,753,20200315
42427,6,전주여행,여행,국내여행,전라북도,457,40,497,20200315
42428,7,목포여행,여행,국내여행,전라남도,372,46,418,20200315
42429,8,남해여행,여행,국내여행,경상남도,365,46,411,20200315
42430,9,경주여행,여행,국내여행,경상북도,355,53,408,20200315
42431,10,군산여행,여행,국내여행,전라북도,324,46,370,20200315
42322,1,제주여행,여행,국내여행,제주특별자치도,2254,409,2663,20200305
42323,2,강릉여행,여행,국내여행,강원도,682,228,910,20200305
42324,3,여수여행,여행,국내여행,전라남도,526,147,673,20200305
42325,4,속초여행,여행,국내여행,강원도,436,163,599,20200305
42326,5,부산여행,여행,국내여행,부산광역시,458,127,585,20200305
42327,6,남해여행,여행,국내여행,경상남도,245,82,327,20200305
42328,7,경주여행,여행,국내여행,경상북도,223,86,309,20200305
42329,8,춘천여행,여행,국내여행,강원도,214,89,303,20200305
42330,9,전주여행,여행,국내여행,전라북도,223,76,299,20200305
42331,10,군산여행,여행,국내여행,전라북도,219,78,297,20200305
42212,1,제주여행,여행,국내여행,제주특별자치도,1591,159,1750,20200223
42213,2,부산여행,여행,국내여행,부산광역시,981,125,1106,20200223
42214,3,강릉여행,여행,국내여행,강원도,580,78,658,20200223
42215,4,여수여행,여행,국내여행,전라남도,530,63,593,20200223
42216,5,대구여행,여행,국내여행,대구광역시,477,50,527,20200223
42217,6,속초여행,여행,국내여행,강원도,417,48,465,20200223
42218,7,경주여행,여행,국내여행,경상북도,360,39,399,20200223
42219,8,전주여행,여행,국내여행,전라북도,248,33,281,20200223
42220,9,목포여행,여행,국내여행,전라남도,202,17,219,20200223
42221,10,남해여행,여행,국내여행,경상남도,182,32,214,20200223
42222,1,제주여행,여행,국내여행,제주특별자치도,1421,287,1708,20200224
42223,2,부산여행,여행,국내여행,부산광역시,541,123,664,20200224
42224,3,강릉여행,여행,국내여행,강원도,487,115,602,20200224
42225,4,여수여행,여행,국내여행,전라남도,359,100,459,20200224
42226,5,속초여행,여행,국내여행,강원도,323,86,409,20200224
42227,6,대구여행,여행,국내여행,대구광역시,269,74,343,20200224
42228,7,경주여행,여행,국내여행,경상북도,226,65,291,20200224
42229,8,전주여행,여행,국내여행,전라북도,158,46,204,20200224
42230,9,군산여행,여행,국내여행,전라북도,149,43,192,20200224
42231,10,남해여행,여행,국내여행,경상남도,120,40,160,20200224
42182,1,제주여행,여행,국내여행,제주특별자치도,2057,475,2532,20200220
42183,2,부산여행,여행,국내여행,부산광역시,1831,430,2261,20200220
42184,3,강릉여행,여행,국내여행,강원도,960,278,1238,20200220
42185,4,여수여행,여행,국내여행,전라남도,765,225,990,20200220
42186,5,속초여행,여행,국내여행,강원도,687,233,920,20200220
42187,6,경주여행,여행,국내여행,경상북도,708,203,911,20200220
42188,7,대구여행,여행,국내여행,대구광역시,581,122,703,20200220
42189,8,전주여행,여행,국내여행,전라북도,517,133,650,20200220
42190,9,군산여행,여행,국내여행,전라북도,339,139,478,20200220
42191,10,춘천여행,여행,국내여행,강원도,299,97,396,20200220
42282,1,제주여행,여행,국내여행,제주특별자치도,1961,179,2140,20200301
42283,2,강릉여행,여행,국내여행,강원도,618,84,702,20200301
42284,3,여수여행,여행,국내여행,전라남도,426,70,496,20200301
42285,4,대구여행,여행,국내여행,대구광역시,430,64,494,20200301
42286,5,부산여행,여행,국내여행,부산광역시,412,53,465,20200301
42287,6,속초여행,여행,국내여행,강원도,350,53,403,20200301
42288,7,경주여행,여행,국내여행,경상북도,264,55,319,20200301
42289,8,남해여행,여행,국내여행,경상남도,228,35,263,20200301
42290,9,전주여행,여행,국내여행,전라북도,215,32,247,20200301
42291,10,춘천여행,여행,국내여행,강원도,209,29,238,20200301
42232,1,제주여행,여행,국내여행,제주특별자치도,1278,311,1589,20200225
42233,2,부산여행,여행,국내여행,부산광역시,427,137,564,20200225
42234,3,강릉여행,여행,국내여행,강원도,348,130,478,20200225
42235,4,여수여행,여행,국내여행,전라남도,351,106,457,20200225
42236,5,속초여행,여행,국내여행,강원도,237,97,334,20200225
42237,6,경주여행,여행,국내여행,경상북도,183,50,233,20200225
42238,7,대구여행,여행,국내여행,대구광역시,164,63,227,20200225
42239,8,전주여행,여행,국내여행,전라북도,146,38,184,20200225
42240,9,가평여행,여행,국내여행,경기도,65,106,171,20200225
42241,10,남해여행,여행,국내여행,경상남도,117,48,165,20200225
42052,1,부산여행,여행,국내여행,부산광역시,1738,429,2167,20200207
42053,2,제주여행,여행,국내여행,제주특별자치도,1596,326,1922,20200207
42054,3,강릉여행,여행,국내여행,강원도,778,232,1010,20200207
42055,4,여수여행,여행,국내여행,전라남도,782,208,990,20200207
42056,5,경주여행,여행,국내여행,경상북도,677,214,891,20200207
42057,6,속초여행,여행,국내여행,강원도,537,174,711,20200207
42058,7,전주여행,여행,국내여행,전라북도,452,147,599,20200207
42059,8,대구여행,여행,국내여행,대구광역시,466,123,589,20200207
42060,9,남해여행,여행,국내여행,경상남도,337,95,432,20200207
42061,10,포항여행,여행,국내여행,경상북도,303,119,422,20200207
41992,1,부산여행,여행,국내여행,부산광역시,2070,354,2424,20200201
41993,2,제주여행,여행,국내여행,제주특별자치도,1618,158,1776,20200201
41994,3,강릉여행,여행,국내여행,강원도,1183,124,1307,20200201
41995,4,여수여행,여행,국내여행,전라남도,962,127,1089,20200201
41996,5,경주여행,여행,국내여행,경상북도,947,117,1064,20200201
41997,6,속초여행,여행,국내여행,강원도,658,81,739,20200201
41998,7,전주여행,여행,국내여행,전라북도,570,95,665,20200201
41999,8,대구여행,여행,국내여행,대구광역시,552,80,632,20200201
42000,9,남해여행,여행,국내여행,경상남도,454,54,508,20200201
42001,10,군산여행,여행,국내여행,전라북도,429,62,491,20200201
42062,1,부산여행,여행,국내여행,부산광역시,1911,207,2118,20200208
42063,2,제주여행,여행,국내여행,제주특별자치도,1792,166,1958,20200208
42064,3,경주여행,여행,국내여행,경상북도,927,138,1065,20200208
42065,4,강릉여행,여행,국내여행,강원도,904,125,1029,20200208
42066,5,여수여행,여행,국내여행,전라남도,860,112,972,20200208
42067,6,속초여행,여행,국내여행,강원도,654,86,740,20200208
42068,7,전주여행,여행,국내여행,전라북도,561,91,652,20200208
42069,8,대구여행,여행,국내여행,대구광역시,538,76,614,20200208
42070,9,춘천여행,여행,국내여행,강원도,453,50,503,20200208
42071,10,군산여행,여행,국내여행,전라북도,430,50,480,20200208
41982,1,부산여행,여행,국내여행,부산광역시,2004,446,2450,20200131
41983,2,제주여행,여행,국내여행,제주특별자치도,1543,346,1889,20200131
41984,3,강릉여행,여행,국내여행,강원도,916,274,1190,20200131
41985,4,여수여행,여행,국내여행,전라남도,913,228,1141,20200131
41986,5,경주여행,여행,국내여행,경상북도,919,189,1108,20200131
41987,6,속초여행,여행,국내여행,강원도,598,174,772,20200131
41988,7,전주여행,여행,국내여행,전라북도,515,136,651,20200131
41989,8,대구여행,여행,국내여행,대구광역시,471,135,606,20200131
41990,9,군산여행,여행,국내여행,전라북도,447,149,596,20200131
41991,10,남해여행,여행,국내여행,경상남도,349,109,458,20200131
42312,1,제주여행,여행,국내여행,제주특별자치도,2373,560,2933,20200304
42313,2,강릉여행,여행,국내여행,강원도,605,186,791,20200304
42314,3,여수여행,여행,국내여행,전라남도,457,133,590,20200304
42315,4,속초여행,여행,국내여행,강원도,385,158,543,20200304
42316,5,부산여행,여행,국내여행,부산광역시,383,96,479,20200304
42317,6,남해여행,여행,국내여행,경상남도,219,78,297,20200304
42318,7,전주여행,여행,국내여행,전라북도,199,80,279,20200304
42319,8,춘천여행,여행,국내여행,강원도,192,71,263,20200304
42320,9,경주여행,여행,국내여행,경상북도,189,70,259,20200304
42321,10,목포여행,여행,국내여행,전라남도,195,54,249,20200304
42172,1,제주여행,여행,국내여행,제주특별자치도,2135,641,2776,20200219
42173,2,부산여행,여행,국내여행,부산광역시,2063,507,2570,20200219
42174,3,강릉여행,여행,국내여행,강원도,1015,314,1329,20200219
42175,4,여수여행,여행,국내여행,전라남도,1054,257,1311,20200219
42176,5,경주여행,여행,국내여행,경상북도,955,274,1229,20200219
42177,6,속초여행,여행,국내여행,강원도,645,222,867,20200219
42178,7,전주여행,여행,국내여행,전라북도,622,204,826,20200219
42179,8,군산여행,여행,국내여행,전라북도,469,176,645,20200219
42180,9,대구여행,여행,국내여행,대구광역시,417,119,536,20200219
42181,10,남해여행,여행,국내여행,경상남도,376,134,510,20200219
42102,1,제주여행,여행,국내여행,제주특별자치도,3017,948,3965,20200212
42103,2,부산여행,여행,국내여행,부산광역시,2284,508,2792,20200212
42104,3,강릉여행,여행,국내여행,강원도,1040,302,1342,20200212
42105,4,여수여행,여행,국내여행,전라남도,1026,259,1285,20200212
42106,5,경주여행,여행,국내여행,경상북도,980,297,1277,20200212
42107,6,전주여행,여행,국내여행,전라북도,665,178,843,20200212
42108,7,속초여행,여행,국내여행,강원도,643,190,833,20200212
42109,8,대구여행,여행,국내여행,대구광역시,563,193,756,20200212
42110,9,군산여행,여행,국내여행,전라북도,445,192,637,20200212
42111,10,남해여행,여행,국내여행,경상남도,416,160,576,20200212
42132,1,부산여행,여행,국내여행,부산광역시,3062,382,3444,20200215
42133,2,제주여행,여행,국내여행,제주특별자치도,2947,407,3354,20200215
42134,3,강릉여행,여행,국내여행,강원도,1363,124,1487,20200215
42135,4,경주여행,여행,국내여행,경상북도,1347,125,1472,20200215
42136,5,여수여행,여행,국내여행,전라남도,1211,133,1344,20200215
42137,6,속초여행,여행,국내여행,강원도,884,89,973,20200215
42138,7,전주여행,여행,국내여행,전라북도,841,76,917,20200215
42139,8,대구여행,여행,국내여행,대구광역시,704,99,803,20200215
42140,9,군산여행,여행,국내여행,전라북도,564,56,620,20200215
42141,10,남해여행,여행,국내여행,경상남도,507,65,572,20200215
42022,1,부산여행,여행,국내여행,부산광역시,1773,476,2249,20200204
42023,2,제주여행,여행,국내여행,제주특별자치도,1545,357,1902,20200204
42024,3,경주여행,여행,국내여행,경상북도,838,247,1085,20200204
42025,4,여수여행,여행,국내여행,전라남도,849,234,1083,20200204
42026,5,강릉여행,여행,국내여행,강원도,746,256,1002,20200204
42027,6,속초여행,여행,국내여행,강원도,579,212,791,20200204
42028,7,전주여행,여행,국내여행,전라북도,478,143,621,20200204
42029,8,대구여행,여행,국내여행,대구광역시,463,157,620,20200204
42030,9,남해여행,여행,국내여행,경상남도,388,133,521,20200204
42031,10,통영여행,여행,국내여행,경상남도,324,111,435,20200204
42122,1,제주여행,여행,국내여행,제주특별자치도,2760,846,3606,20200214
42123,2,부산여행,여행,국내여행,부산광역시,2677,558,3235,20200214
42124,3,강릉여행,여행,국내여행,강원도,1268,323,1591,20200214
42125,4,여수여행,여행,국내여행,전라남도,1080,226,1306,20200214
42126,5,경주여행,여행,국내여행,경상북도,1045,255,1300,20200214
42127,6,속초여행,여행,국내여행,강원도,717,220,937,20200214
42128,7,전주여행,여행,국내여행,전라북도,694,178,872,20200214
42129,8,대구여행,여행,국내여행,대구광역시,586,174,760,20200214
42130,9,군산여행,여행,국내여행,전라북도,493,149,642,20200214
42131,10,남해여행,여행,국내여행,경상남도,440,144,584,20200214
41892,1,부산여행,여행,국내여행,부산광역시,2002,715,2717,20200122
41893,2,제주여행,여행,국내여행,제주특별자치도,1578,380,1958,20200122
41894,3,여수여행,여행,국내여행,전라남도,1001,255,1256,20200122
41895,4,경주여행,여행,국내여행,경상북도,928,235,1163,20200122
41896,5,강릉여행,여행,국내여행,강원도,860,284,1144,20200122
41897,6,속초여행,여행,국내여행,강원도,580,184,764,20200122
41898,7,전주여행,여행,국내여행,전라북도,524,170,694,20200122
41899,8,대구여행,여행,국내여행,대구광역시,496,163,659,20200122
41900,9,군산여행,여행,국내여행,전라북도,412,170,582,20200122
41901,10,춘천여행,여행,국내여행,강원도,345,102,447,20200122
41952,1,부산여행,여행,국내여행,부산광역시,2395,867,3262,20200128
41953,2,제주여행,여행,국내여행,제주특별자치도,2308,601,2909,20200128
41954,3,여수여행,여행,국내여행,전라남도,1205,274,1479,20200128
41955,4,경주여행,여행,국내여행,경상북도,1101,266,1367,20200128
41956,5,강릉여행,여행,국내여행,강원도,1005,302,1307,20200128
41957,6,속초여행,여행,국내여행,강원도,592,214,806,20200128
41958,7,전주여행,여행,국내여행,전라북도,633,172,805,20200128
41959,8,대구여행,여행,국내여행,대구광역시,520,150,670,20200128
41960,9,남해여행,여행,국내여행,경상남도,494,134,628,20200128
41961,10,군산여행,여행,국내여행,전라북도,467,158,625,20200128
41822,1,부산여행,여행,국내여행,부산광역시,2529,754,3283,20200115
41823,2,제주여행,여행,국내여행,제주특별자치도,1873,612,2485,20200115
41824,3,강릉여행,여행,국내여행,강원도,1064,337,1401,20200115
41825,4,경주여행,여행,국내여행,경상북도,1050,241,1291,20200115
41826,5,여수여행,여행,국내여행,전라남도,1021,264,1285,20200115
41827,6,속초여행,여행,국내여행,강원도,715,215,930,20200115
41828,7,전주여행,여행,국내여행,전라북도,574,192,766,20200115
41829,8,대구여행,여행,국내여행,대구광역시,524,154,678,20200115
41830,9,군산여행,여행,국내여행,전라북도,506,160,666,20200115
41831,10,목포여행,여행,국내여행,전라남도,426,141,567,20200115
41922,1,부산여행,여행,국내여행,부산광역시,2446,310,2756,20200125
41923,2,제주여행,여행,국내여행,제주특별자치도,1656,130,1786,20200125
41924,3,여수여행,여행,국내여행,전라남도,1238,86,1324,20200125
41925,4,강릉여행,여행,국내여행,강원도,1067,140,1207,20200125
41926,5,경주여행,여행,국내여행,경상북도,965,101,1066,20200125
41927,6,속초여행,여행,국내여행,강원도,699,65,764,20200125
41928,7,전주여행,여행,국내여행,전라북도,626,60,686,20200125
41929,8,대구여행,여행,국내여행,대구광역시,616,58,674,20200125
41930,9,군산여행,여행,국내여행,전라북도,602,58,660,20200125
41931,10,춘천여행,여행,국내여행,강원도,480,32,512,20200125
41792,1,부산여행,여행,국내여행,부산광역시,2839,539,3378,20200112
41793,2,제주여행,여행,국내여행,제주특별자치도,2328,268,2596,20200112
41794,3,경주여행,여행,국내여행,경상북도,1222,124,1346,20200112
41795,4,여수여행,여행,국내여행,전라남도,1188,134,1322,20200112
41796,5,강릉여행,여행,국내여행,강원도,1141,156,1297,20200112
41797,6,속초여행,여행,국내여행,강원도,893,125,1018,20200112
41798,7,군산여행,여행,국내여행,전라북도,721,103,824,20200112
41799,8,전주여행,여행,국내여행,전라북도,651,72,723,20200112
41800,9,대구여행,여행,국내여행,대구광역시,598,86,684,20200112
41801,10,춘천여행,여행,국내여행,강원도,481,55,536,20200112
42032,1,부산여행,여행,국내여행,부산광역시,1689,472,2161,20200205
42033,2,제주여행,여행,국내여행,제주특별자치도,1523,369,1892,20200205
42034,3,강릉여행,여행,국내여행,강원도,767,270,1037,20200205
42035,4,경주여행,여행,국내여행,경상북도,772,248,1020,20200205
42036,5,여수여행,여행,국내여행,전라남도,786,223,1009,20200205
42037,6,속초여행,여행,국내여행,강원도,510,209,719,20200205
42038,7,대구여행,여행,국내여행,대구광역시,418,163,581,20200205
42039,8,전주여행,여행,국내여행,전라북도,441,130,571,20200205
42040,9,남해여행,여행,국내여행,경상남도,348,135,483,20200205
42041,10,통영여행,여행,국내여행,경상남도,321,106,427,20200205
41962,1,부산여행,여행,국내여행,부산광역시,2228,659,2887,20200129
41963,2,제주여행,여행,국내여행,제주특별자치도,2016,386,2402,20200129
41964,3,여수여행,여행,국내여행,전라남도,1109,256,1365,20200129
41965,4,경주여행,여행,국내여행,경상북도,1008,266,1274,20200129
41966,5,강릉여행,여행,국내여행,강원도,954,278,1232,20200129
41967,6,전주여행,여행,국내여행,전라북도,534,211,745,20200129
41968,7,속초여행,여행,국내여행,강원도,547,192,739,20200129
41969,8,남해여행,여행,국내여행,경상남도,468,155,623,20200129
41970,9,대구여행,여행,국내여행,대구광역시,464,159,623,20200129
41971,10,군산여행,여행,국내여행,전라북도,467,123,590,20200129
41832,1,부산여행,여행,국내여행,부산광역시,2507,788,3295,20200116
41833,2,제주여행,여행,국내여행,제주특별자치도,1886,431,2317,20200116
41834,3,여수여행,여행,국내여행,전라남도,1147,247,1394,20200116
41835,4,강릉여행,여행,국내여행,강원도,998,288,1286,20200116
41836,5,경주여행,여행,국내여행,경상북도,970,231,1201,20200116
41837,6,속초여행,여행,국내여행,강원도,636,227,863,20200116
41838,7,군산여행,여행,국내여행,전라북도,551,171,722,20200116
41839,8,전주여행,여행,국내여행,전라북도,530,181,711,20200116
41840,9,대구여행,여행,국내여행,대구광역시,511,175,686,20200116
41841,10,남해여행,여행,국내여행,경상남도,367,105,472,20200116
41932,1,부산여행,여행,국내여행,부산광역시,2911,406,3317,20200126
41933,2,제주여행,여행,국내여행,제주특별자치도,2282,139,2421,20200126
41934,3,여수여행,여행,국내여행,전라남도,1348,122,1470,20200126
41935,4,경주여행,여행,국내여행,경상북도,1227,117,1344,20200126
41936,5,강릉여행,여행,국내여행,강원도,1099,150,1249,20200126
41937,6,속초여행,여행,국내여행,강원도,768,92,860,20200126
41938,7,군산여행,여행,국내여행,전라북도,800,53,853,20200126
41939,8,전주여행,여행,국내여행,전라북도,680,83,763,20200126
41940,9,남해여행,여행,국내여행,경상남도,637,66,703,20200126
41941,10,대구여행,여행,국내여행,대구광역시,601,86,687,20200126
41862,1,부산여행,여행,국내여행,부산광역시,2797,450,3247,20200119
41863,2,제주여행,여행,국내여행,제주특별자치도,2089,248,2337,20200119
41864,3,여수여행,여행,국내여행,전라남도,1224,127,1351,20200119
41865,4,경주여행,여행,국내여행,경상북도,1206,111,1317,20200119
41866,5,강릉여행,여행,국내여행,강원도,1075,193,1268,20200119
41867,6,속초여행,여행,국내여행,강원도,712,105,817,20200119
41868,7,군산여행,여행,국내여행,전라북도,678,84,762,20200119
41869,8,전주여행,여행,국내여행,전라북도,644,89,733,20200119
41870,9,대구여행,여행,국내여행,대구광역시,639,84,723,20200119
41871,10,안동여행,여행,국내여행,경상북도,416,45,461,20200119
41642,1,부산여행,여행,국내여행,부산광역시,3511,499,4010,20191228
41643,2,제주여행,여행,국내여행,제주특별자치도,1788,290,2078,20191228
41644,3,강릉여행,여행,국내여행,강원도,1408,229,1637,20191228
41645,4,여수여행,여행,국내여행,전라남도,1314,136,1450,20191228
41646,5,경주여행,여행,국내여행,경상북도,1284,140,1424,20191228
41647,6,속초여행,여행,국내여행,강원도,1077,115,1192,20191228
41648,7,군산여행,여행,국내여행,전라북도,853,79,932,20191228
41649,8,전주여행,여행,국내여행,전라북도,783,94,877,20191228
41650,9,대구여행,여행,국내여행,대구광역시,784,81,865,20191228
41651,10,포항여행,여행,국내여행,경상북도,509,63,572,20191228
41622,1,부산여행,여행,국내여행,부산광역시,3179,1140,4319,20191226
41623,2,제주여행,여행,국내여행,제주특별자치도,1748,502,2250,20191226
41624,3,강릉여행,여행,국내여행,강원도,1355,430,1785,20191226
41625,4,여수여행,여행,국내여행,전라남도,1307,294,1601,20191226
41626,5,경주여행,여행,국내여행,경상북도,1171,266,1437,20191226
41627,6,속초여행,여행,국내여행,강원도,970,303,1273,20191226
41628,7,전주여행,여행,국내여행,전라북도,698,172,870,20191226
41629,8,군산여행,여행,국내여행,전라북도,601,208,809,20191226
41630,9,대구여행,여행,국내여행,대구광역시,542,191,733,20191226
41631,10,통영여행,여행,국내여행,경상남도,463,148,611,20191226
41902,1,부산여행,여행,국내여행,부산광역시,2112,677,2789,20200123
41903,2,제주여행,여행,국내여행,제주특별자치도,1376,311,1687,20200123
41904,3,여수여행,여행,국내여행,전라남도,953,206,1159,20200123
41905,4,강릉여행,여행,국내여행,강원도,818,262,1080,20200123
41906,5,경주여행,여행,국내여행,경상북도,824,172,996,20200123
41907,6,속초여행,여행,국내여행,강원도,622,202,824,20200123
41908,7,전주여행,여행,국내여행,전라북도,525,132,657,20200123
41909,8,군산여행,여행,국내여행,전라북도,496,127,623,20200123
41910,9,대구여행,여행,국내여행,대구광역시,451,140,591,20200123
41911,10,남해여행,여행,국내여행,경상남도,344,93,437,20200123
41802,1,부산여행,여행,국내여행,부산광역시,2624,917,3541,20200113
41803,2,제주여행,여행,국내여행,제주특별자치도,2116,648,2764,20200113
41804,3,여수여행,여행,국내여행,전라남도,1246,269,1515,20200113
41805,4,경주여행,여행,국내여행,경상북도,1076,256,1332,20200113
41806,5,강릉여행,여행,국내여행,강원도,950,348,1298,20200113
41807,6,속초여행,여행,국내여행,강원도,681,220,901,20200113
41808,7,전주여행,여행,국내여행,전라북도,660,187,847,20200113
41809,8,군산여행,여행,국내여행,전라북도,607,156,763,20200113
41810,9,대구여행,여행,국내여행,대구광역시,581,167,748,20200113
41811,10,남해여행,여행,국내여행,경상남도,369,140,509,20200113
41732,1,부산여행,여행,국내여행,부산광역시,2523,927,3450,20200106
41733,2,제주여행,여행,국내여행,제주특별자치도,1966,577,2543,20200106
41734,3,경주여행,여행,국내여행,경상북도,1141,297,1438,20200106
41735,4,강릉여행,여행,국내여행,강원도,948,282,1230,20200106
41736,5,여수여행,여행,국내여행,전라남도,990,240,1230,20200106
41737,6,속초여행,여행,국내여행,강원도,623,220,843,20200106
41738,7,전주여행,여행,국내여행,전라북도,644,199,843,20200106
41739,8,대구여행,여행,국내여행,대구광역시,586,187,773,20200106
41740,9,군산여행,여행,국내여행,전라북도,532,176,708,20200106
41741,10,통영여행,여행,국내여행,경상남도,408,99,507,20200106
41632,1,부산여행,여행,국내여행,부산광역시,3209,1081,4290,20191227
41633,2,제주여행,여행,국내여행,제주특별자치도,1612,413,2025,20191227
41634,3,강릉여행,여행,국내여행,강원도,1337,348,1685,20191227
41635,4,여수여행,여행,국내여행,전라남도,1317,271,1588,20191227
41636,5,경주여행,여행,국내여행,경상북도,1156,268,1424,20191227
41637,6,속초여행,여행,국내여행,강원도,983,223,1206,20191227
41638,7,전주여행,여행,국내여행,전라북도,659,177,836,20191227
41639,8,대구여행,여행,국내여행,대구광역시,610,182,792,20191227
41640,9,군산여행,여행,국내여행,전라북도,605,165,770,20191227
41641,10,포항여행,여행,국내여행,경상북도,458,127,585,20191227
41652,1,부산여행,여행,국내여행,부산광역시,3439,646,4085,20191229
41653,2,제주여행,여행,국내여행,제주특별자치도,2031,276,2307,20191229
41654,3,여수여행,여행,국내여행,전라남도,1472,117,1589,20191229
41655,4,강릉여행,여행,국내여행,강원도,1342,221,1563,20191229
41656,5,경주여행,여행,국내여행,경상북도,1319,136,1455,20191229
41657,6,속초여행,여행,국내여행,강원도,984,122,1106,20191229
41658,7,군산여행,여행,국내여행,전라북도,817,104,921,20191229
41659,8,전주여행,여행,국내여행,전라북도,707,93,800,20191229
41660,9,대구여행,여행,국내여행,대구광역시,700,91,791,20191229
41661,10,춘천여행,여행,국내여행,강원도,533,78,611,20191229
41752,1,부산여행,여행,국내여행,부산광역시,2616,953,3569,20200108
41753,2,제주여행,여행,국내여행,제주특별자치도,2048,513,2561,20200108
41754,3,강릉여행,여행,국내여행,강원도,1034,332,1366,20200108
41755,4,여수여행,여행,국내여행,전라남도,1066,266,1332,20200108
41756,5,경주여행,여행,국내여행,경상북도,1060,249,1309,20200108
41757,6,속초여행,여행,국내여행,강원도,644,236,880,20200108
41758,7,전주여행,여행,국내여행,전라북도,620,174,794,20200108
41759,8,대구여행,여행,국내여행,대구광역시,573,177,750,20200108
41760,9,군산여행,여행,국내여행,전라북도,477,160,637,20200108
41761,10,춘천여행,여행,국내여행,강원도,385,112,497,20200108
41722,1,부산여행,여행,국내여행,부산광역시,2831,549,3380,20200105
41723,2,제주여행,여행,국내여행,제주특별자치도,2130,299,2429,20200105
41724,3,경주여행,여행,국내여행,경상북도,1236,139,1375,20200105
41725,4,강릉여행,여행,국내여행,강원도,1130,194,1324,20200105
41726,5,여수여행,여행,국내여행,전라남도,1166,150,1316,20200105
41727,6,속초여행,여행,국내여행,강원도,796,87,883,20200105
41728,7,대구여행,여행,국내여행,대구광역시,658,93,751,20200105
41729,8,군산여행,여행,국내여행,전라북도,624,116,740,20200105
41730,9,전주여행,여행,국내여행,전라북도,623,100,723,20200105
41731,10,통영여행,여행,국내여행,경상남도,448,68,516,20200105
41742,1,부산여행,여행,국내여행,부산광역시,2742,927,3669,20200107
41743,2,제주여행,여행,국내여행,제주특별자치도,2119,616,2735,20200107
41744,3,여수여행,여행,국내여행,전라남도,1109,292,1401,20200107
41745,4,강릉여행,여행,국내여행,강원도,940,294,1234,20200107
41746,5,경주여행,여행,국내여행,경상북도,940,251,1191,20200107
41747,6,전주여행,여행,국내여행,전라북도,639,199,838,20200107
41748,7,속초여행,여행,국내여행,강원도,606,207,813,20200107
41749,8,대구여행,여행,국내여행,대구광역시,593,198,791,20200107
41750,9,군산여행,여행,국내여행,전라북도,558,161,719,20200107
41751,10,남해여행,여행,국내여행,경상남도,364,125,489,20200107
41422,1,부산여행,여행,국내여행,부산광역시,2403,865,3268,20191206
41423,2,제주여행,여행,국내여행,제주특별자치도,1348,433,1781,20191206
41424,3,강릉여행,여행,국내여행,강원도,1086,237,1323,20191206
41425,4,여수여행,여행,국내여행,전라남도,1036,284,1320,20191206
41426,5,경주여행,여행,국내여행,경상북도,866,226,1092,20191206
41427,6,속초여행,여행,국내여행,강원도,618,206,824,20191206
41428,7,전주여행,여행,국내여행,전라북도,630,178,808,20191206
41429,8,군산여행,여행,국내여행,전라북도,478,173,651,20191206
41430,9,대구여행,여행,국내여행,대구광역시,485,161,646,20191206
41431,10,춘천여행,여행,국내여행,강원도,359,111,470,20191206
41552,1,부산여행,여행,국내여행,부산광역시,2642,1060,3702,20191219
41553,2,제주여행,여행,국내여행,제주특별자치도,1527,441,1968,20191219
41554,3,강릉여행,여행,국내여행,강원도,994,422,1416,20191219
41555,4,여수여행,여행,국내여행,전라남도,921,256,1177,20191219
41556,5,경주여행,여행,국내여행,경상북도,846,273,1119,20191219
41557,6,속초여행,여행,국내여행,강원도,747,255,1002,20191219
41558,7,대구여행,여행,국내여행,대구광역시,519,147,666,20191219
41559,8,전주여행,여행,국내여행,전라북도,465,194,659,20191219
41560,9,군산여행,여행,국내여행,전라북도,457,171,628,20191219
41561,10,포항여행,여행,국내여행,경상북도,411,139,550,20191219
41382,1,부산여행,여행,국내여행,부산광역시,2073,943,3016,20191202
41383,2,제주여행,여행,국내여행,제주특별자치도,1746,446,2192,20191202
41384,3,강릉여행,여행,국내여행,강원도,991,274,1265,20191202
41385,4,여수여행,여행,국내여행,전라남도,929,257,1186,20191202
41386,5,경주여행,여행,국내여행,경상북도,830,265,1095,20191202
41387,6,전주여행,여행,국내여행,전라북도,571,207,778,20191202
41388,7,대구여행,여행,국내여행,대구광역시,574,176,750,20191202
41389,8,속초여행,여행,국내여행,강원도,523,205,728,20191202
41390,9,군산여행,여행,국내여행,전라북도,499,191,690,20191202
41391,10,포항여행,여행,국내여행,경상북도,369,122,491,20191202
41612,1,부산여행,여행,국내여행,부산광역시,3067,594,3661,20191225
41613,2,제주여행,여행,국내여행,제주특별자치도,1899,256,2155,20191225
41614,3,여수여행,여행,국내여행,전라남도,1354,175,1529,20191225
41615,4,강릉여행,여행,국내여행,강원도,1241,224,1465,20191225
41616,5,경주여행,여행,국내여행,경상북도,1142,135,1277,20191225
41617,6,속초여행,여행,국내여행,강원도,1040,131,1171,20191225
41618,7,군산여행,여행,국내여행,전라북도,760,100,860,20191225
41619,8,전주여행,여행,국내여행,전라북도,725,102,827,20191225
41620,9,대구여행,여행,국내여행,대구광역시,687,90,777,20191225
41621,10,순천여행,여행,국내여행,전라남도,518,80,598,20191225
41602,1,부산여행,여행,국내여행,부산광역시,2463,986,3449,20191224
41603,2,제주여행,여행,국내여행,제주특별자치도,1514,404,1918,20191224
41604,3,강릉여행,여행,국내여행,강원도,1033,295,1328,20191224
41605,4,여수여행,여행,국내여행,전라남도,978,273,1251,20191224
41606,5,경주여행,여행,국내여행,경상북도,862,244,1106,20191224
41607,6,속초여행,여행,국내여행,강원도,701,222,923,20191224
41608,7,대구여행,여행,국내여행,대구광역시,590,176,766,20191224
41609,8,군산여행,여행,국내여행,전라북도,544,170,714,20191224
41610,9,전주여행,여행,국내여행,전라북도,528,160,688,20191224
41611,10,춘천여행,여행,국내여행,강원도,371,115,486,20191224
41532,1,부산여행,여행,국내여행,부산광역시,2786,1080,3866,20191217
41533,2,제주여행,여행,국내여행,제주특별자치도,1622,478,2100,20191217
41534,3,강릉여행,여행,국내여행,강원도,1029,362,1391,20191217
41535,4,여수여행,여행,국내여행,전라남도,942,252,1194,20191217
41536,5,경주여행,여행,국내여행,경상북도,810,273,1083,20191217
41537,6,속초여행,여행,국내여행,강원도,659,249,908,20191217
41538,7,군산여행,여행,국내여행,전라북도,493,183,676,20191217
41539,8,전주여행,여행,국내여행,전라북도,484,170,654,20191217
41540,9,대구여행,여행,국내여행,대구광역시,438,184,622,20191217
41541,10,목포여행,여행,국내여행,전라남도,374,144,518,20191217
41562,1,부산여행,여행,국내여행,부산광역시,2553,989,3542,20191220
41563,2,제주여행,여행,국내여행,제주특별자치도,1536,389,1925,20191220
41564,3,강릉여행,여행,국내여행,강원도,1095,404,1499,20191220
41565,4,여수여행,여행,국내여행,전라남도,935,239,1174,20191220
41566,5,경주여행,여행,국내여행,경상북도,827,256,1083,20191220
41567,6,속초여행,여행,국내여행,강원도,792,284,1076,20191220
41568,7,군산여행,여행,국내여행,전라북도,526,206,732,20191220
41569,8,전주여행,여행,국내여행,전라북도,520,169,689,20191220
41570,9,대구여행,여행,국내여행,대구광역시,500,163,663,20191220
41571,10,포항여행,여행,국내여행,경상북도,403,126,529,20191220
41482,1,부산여행,여행,국내여행,부산광역시,2535,890,3425,20191212
41483,2,제주여행,여행,국내여행,제주특별자치도,1440,448,1888,20191212
41484,3,강릉여행,여행,국내여행,강원도,990,371,1361,20191212
41485,4,여수여행,여행,국내여행,전라남도,1035,259,1294,20191212
41486,5,경주여행,여행,국내여행,경상북도,790,233,1023,20191212
41487,6,속초여행,여행,국내여행,강원도,594,205,799,20191212
41488,7,전주여행,여행,국내여행,전라북도,540,177,717,20191212
41489,8,대구여행,여행,국내여행,대구광역시,477,175,652,20191212
41490,9,군산여행,여행,국내여행,전라북도,459,174,633,20191212
41491,10,포항여행,여행,국내여행,경상북도,380,145,525,20191212
41412,1,부산여행,여행,국내여행,부산광역시,2394,901,3295,20191205
41413,2,제주여행,여행,국내여행,제주특별자치도,1430,419,1849,20191205
41414,3,여수여행,여행,국내여행,전라남도,1049,228,1277,20191205
41415,4,강릉여행,여행,국내여행,강원도,956,311,1267,20191205
41416,5,경주여행,여행,국내여행,경상북도,770,220,990,20191205
41417,6,대구여행,여행,국내여행,대구광역시,592,171,763,20191205
41418,7,속초여행,여행,국내여행,강원도,502,191,693,20191205
41419,8,전주여행,여행,국내여행,전라북도,500,182,682,20191205
41420,9,군산여행,여행,국내여행,전라북도,463,160,623,20191205
41421,10,춘천여행,여행,국내여행,강원도,355,152,507,20191205
41432,1,부산여행,여행,국내여행,부산광역시,2355,428,2783,20191207
41433,2,제주여행,여행,국내여행,제주특별자치도,1538,203,1741,20191207
41434,3,강릉여행,여행,국내여행,강원도,1291,120,1411,20191207
41435,4,경주여행,여행,국내여행,경상북도,958,102,1060,20191207
41436,5,여수여행,여행,국내여행,전라남도,876,121,997,20191207
41437,6,전주여행,여행,국내여행,전라북도,659,87,746,20191207
41438,7,속초여행,여행,국내여행,강원도,603,93,696,20191207
41439,8,군산여행,여행,국내여행,전라북도,595,90,685,20191207
41440,9,대구여행,여행,국내여행,대구광역시,582,77,659,20191207
41441,10,포항여행,여행,국내여행,경상북도,416,51,467,20191207
41332,1,부산여행,여행,국내여행,부산광역시,2140,913,3053,20191127
41333,2,제주여행,여행,국내여행,제주특별자치도,1489,479,1968,20191127
41334,3,강릉여행,여행,국내여행,강원도,769,262,1031,20191127
41335,4,경주여행,여행,국내여행,경상북도,765,252,1017,20191127
41336,5,여수여행,여행,국내여행,전라남도,676,201,877,20191127
41337,6,전주여행,여행,국내여행,전라북도,512,226,738,20191127
41338,7,속초여행,여행,국내여행,강원도,547,187,734,20191127
41339,8,대구여행,여행,국내여행,대구광역시,515,171,686,20191127
41340,9,군산여행,여행,국내여행,전라북도,505,156,661,20191127
41341,10,포항여행,여행,국내여행,경상북도,337,127,464,20191127
41342,1,부산여행,여행,국내여행,부산광역시,2095,934,3029,20191128
41343,2,제주여행,여행,국내여행,제주특별자치도,1483,434,1917,20191128
41344,3,강릉여행,여행,국내여행,강원도,836,314,1150,20191128
41345,4,여수여행,여행,국내여행,전라남도,867,243,1110,20191128
41346,5,경주여행,여행,국내여행,경상북도,780,258,1038,20191128
41347,6,전주여행,여행,국내여행,전라북도,565,220,785,20191128
41348,7,속초여행,여행,국내여행,강원도,549,174,723,20191128
41349,8,대구여행,여행,국내여행,대구광역시,499,216,715,20191128
41350,9,군산여행,여행,국내여행,전라북도,458,162,620,20191128
41351,10,포항여행,여행,국내여행,경상북도,401,142,543,20191128
41492,1,부산여행,여행,국내여행,부산광역시,2419,884,3303,20191213
41493,2,제주여행,여행,국내여행,제주특별자치도,1375,465,1840,20191213
41494,3,강릉여행,여행,국내여행,강원도,1056,311,1367,20191213
41495,4,여수여행,여행,국내여행,전라남도,923,249,1172,20191213
41496,5,경주여행,여행,국내여행,경상북도,738,243,981,20191213
41497,6,속초여행,여행,국내여행,강원도,663,190,853,20191213
41498,7,대구여행,여행,국내여행,대구광역시,551,140,691,20191213
41499,8,전주여행,여행,국내여행,전라북도,474,178,652,20191213
41500,9,군산여행,여행,국내여행,전라북도,483,140,623,20191213
41501,10,포항여행,여행,국내여행,경상북도,331,115,446,20191213
41372,1,부산여행,여행,국내여행,부산광역시,2198,567,2765,20191201
41373,2,제주여행,여행,국내여행,제주특별자치도,1865,242,2107,20191201
41374,3,강릉여행,여행,국내여행,강원도,1011,144,1155,20191201
41375,4,경주여행,여행,국내여행,경상북도,1008,145,1153,20191201
41376,5,여수여행,여행,국내여행,전라남도,999,137,1136,20191201
41377,6,대구여행,여행,국내여행,대구광역시,655,77,732,20191201
41378,7,속초여행,여행,국내여행,강원도,593,127,720,20191201
41379,8,전주여행,여행,국내여행,전라북도,564,118,682,20191201
41380,9,군산여행,여행,국내여행,전라북도,538,71,609,20191201
41381,10,포항여행,여행,국내여행,경상북도,456,65,521,20191201
41182,1,부산여행,여행,국내여행,부산광역시,1883,738,2621,20191112
41183,2,제주여행,여행,국내여행,제주특별자치도,1293,425,1718,20191112
41184,3,경주여행,여행,국내여행,경상북도,930,298,1228,20191112
41185,4,여수여행,여행,국내여행,전라남도,845,289,1134,20191112
41186,5,강릉여행,여행,국내여행,강원도,744,260,1004,20191112
41187,6,전주여행,여행,국내여행,전라북도,603,215,818,20191112
41188,7,대구여행,여행,국내여행,대구광역시,495,213,708,20191112
41189,8,속초여행,여행,국내여행,강원도,482,195,677,20191112
41190,9,군산여행,여행,국내여행,전라북도,470,205,675,20191112
41191,10,춘천여행,여행,국내여행,강원도,372,125,497,20191112
41212,1,부산여행,여행,국내여행,부산광역시,2231,735,2966,20191115
41213,2,제주여행,여행,국내여행,제주특별자치도,1093,319,1412,20191115
41214,3,강릉여행,여행,국내여행,강원도,808,286,1094,20191115
41215,4,경주여행,여행,국내여행,경상북도,772,287,1059,20191115
41216,5,여수여행,여행,국내여행,전라남도,787,226,1013,20191115
41217,6,속초여행,여행,국내여행,강원도,563,200,763,20191115
41218,7,군산여행,여행,국내여행,전라북도,554,176,730,20191115
41219,8,전주여행,여행,국내여행,전라북도,524,173,697,20191115
41220,9,대구여행,여행,국내여행,대구광역시,482,189,671,20191115
41221,10,순천여행,여행,국내여행,전라남도,340,101,441,20191115
41322,1,부산여행,여행,국내여행,부산광역시,2196,922,3118,20191126
41323,2,제주여행,여행,국내여행,제주특별자치도,1453,506,1959,20191126
41324,3,강릉여행,여행,국내여행,강원도,796,289,1085,20191126
41325,4,경주여행,여행,국내여행,경상북도,812,266,1078,20191126
41326,5,여수여행,여행,국내여행,전라남도,784,248,1032,20191126
41327,6,속초여행,여행,국내여행,강원도,593,223,816,20191126
41328,7,전주여행,여행,국내여행,전라북도,515,228,743,20191126
41329,8,군산여행,여행,국내여행,전라북도,538,180,718,20191126
41330,9,대구여행,여행,국내여행,대구광역시,474,174,648,20191126
41331,10,남해여행,여행,국내여행,경상남도,351,154,505,20191126
41302,1,부산여행,여행,국내여행,부산광역시,2321,404,2725,20191124
41303,2,제주여행,여행,국내여행,제주특별자치도,1498,223,1721,20191124
41304,3,경주여행,여행,국내여행,경상북도,978,125,1103,20191124
41305,4,강릉여행,여행,국내여행,강원도,840,155,995,20191124
41306,5,여수여행,여행,국내여행,전라남도,808,109,917,20191124
41307,6,속초여행,여행,국내여행,강원도,659,105,764,20191124
41308,7,전주여행,여행,국내여행,전라북도,625,104,729,20191124
41309,8,군산여행,여행,국내여행,전라북도,656,70,726,20191124
41310,9,대구여행,여행,국내여행,대구광역시,571,79,650,20191124
41311,10,남해여행,여행,국내여행,경상남도,402,60,462,20191124
41222,1,부산여행,여행,국내여행,부산광역시,2163,364,2527,20191116
41223,2,제주여행,여행,국내여행,제주특별자치도,1171,146,1317,20191116
41224,3,경주여행,여행,국내여행,경상북도,979,120,1099,20191116
41225,4,강릉여행,여행,국내여행,강원도,836,138,974,20191116
41226,5,여수여행,여행,국내여행,전라남도,776,121,897,20191116
41227,6,대구여행,여행,국내여행,대구광역시,611,101,712,20191116
41228,7,속초여행,여행,국내여행,강원도,616,74,690,20191116
41229,8,군산여행,여행,국내여행,전라북도,618,66,684,20191116
41230,9,전주여행,여행,국내여행,전라북도,578,71,649,20191116
41231,10,춘천여행,여행,국내여행,강원도,403,65,468,20191116
41232,1,부산여행,여행,국내여행,부산광역시,2292,423,2715,20191117
41233,2,제주여행,여행,국내여행,제주특별자치도,1603,173,1776,20191117
41234,3,경주여행,여행,국내여행,경상북도,1080,136,1216,20191117
41235,4,강릉여행,여행,국내여행,강원도,873,138,1011,20191117
41236,5,여수여행,여행,국내여행,전라남도,823,135,958,20191117
41237,6,속초여행,여행,국내여행,강원도,600,128,728,20191117
41238,7,대구여행,여행,국내여행,대구광역시,572,100,672,20191117
41239,8,군산여행,여행,국내여행,전라북도,564,73,637,20191117
41240,9,전주여행,여행,국내여행,전라북도,513,94,607,20191117
41241,10,춘천여행,여행,국내여행,강원도,371,87,458,20191117
44022,1,제주여행,여행,국내여행,제주특별자치도,167,1773,1940,20200822
44023,2,부산여행,여행,국내여행,부산광역시,166,1446,1612,20200822
44024,3,여수여행,여행,국내여행,전라남도,130,932,1062,20200822
44025,4,강릉여행,여행,국내여행,강원도,140,836,976,20200822
44026,5,속초여행,여행,국내여행,강원도,122,838,960,20200822
44027,6,경주여행,여행,국내여행,경상북도,131,748,879,20200822
44028,7,남해여행,여행,국내여행,경상남도,77,548,625,20200822
44029,8,울산여행,여행,국내여행,울산광역시,50,391,441,20200822
44030,9,통영여행,여행,국내여행,경상남도,54,367,421,20200822
44031,10,군산여행,여행,국내여행,전라북도,59,345,404,20200822
44042,1,제주여행,여행,국내여행,제주특별자치도,436,1710,2146,20200824
44043,2,부산여행,여행,국내여행,부산광역시,263,1024,1287,20200824
44044,3,여수여행,여행,국내여행,전라남도,234,800,1034,20200824
44045,4,경주여행,여행,국내여행,경상북도,213,691,904,20200824
44046,5,강릉여행,여행,국내여행,강원도,193,667,860,20200824
44047,6,속초여행,여행,국내여행,강원도,164,578,742,20200824
44048,7,남해여행,여행,국내여행,경상남도,158,433,591,20200824
44049,8,통영여행,여행,국내여행,경상남도,111,283,394,20200824
44050,9,전주여행,여행,국내여행,전라북도,89,301,390,20200824
44051,10,군산여행,여행,국내여행,전라북도,104,273,377,20200824
44082,1,제주여행,여행,국내여행,제주특별자치도,322,1394,1716,20200828
44083,2,부산여행,여행,국내여행,부산광역시,210,863,1073,20200828
44084,3,강릉여행,여행,국내여행,강원도,178,617,795,20200828
44085,4,여수여행,여행,국내여행,전라남도,185,502,687,20200828
44086,5,경주여행,여행,국내여행,경상북도,134,534,668,20200828
44087,6,속초여행,여행,국내여행,강원도,131,469,600,20200828
44088,7,남해여행,여행,국내여행,경상남도,126,409,535,20200828
44089,8,춘천여행,여행,국내여행,강원도,61,249,310,20200828
44090,9,전주여행,여행,국내여행,전라북도,61,238,299,20200828
44091,10,통영여행,여행,국내여행,경상남도,86,211,297,20200828
44072,1,제주여행,여행,국내여행,제주특별자치도,324,1497,1821,20200827
44073,2,부산여행,여행,국내여행,부산광역시,254,992,1246,20200827
44074,3,여수여행,여행,국내여행,전라남도,200,665,865,20200827
44075,4,경주여행,여행,국내여행,경상북도,203,598,801,20200827
44076,5,강릉여행,여행,국내여행,강원도,192,593,785,20200827
44077,6,속초여행,여행,국내여행,강원도,117,477,594,20200827
44078,7,남해여행,여행,국내여행,경상남도,137,439,576,20200827
44079,8,전주여행,여행,국내여행,전라북도,95,294,389,20200827
44080,9,통영여행,여행,국내여행,경상남도,83,288,371,20200827
44081,10,군산여행,여행,국내여행,전라북도,100,260,360,20200827
44002,1,제주여행,여행,국내여행,제주특별자치도,1976,517,2493,20200820
44003,2,부산여행,여행,국내여행,부산광역시,1847,378,2225,20200820
44004,3,여수여행,여행,국내여행,전라남도,1090,343,1433,20200820
44005,4,강릉여행,여행,국내여행,강원도,926,249,1175,20200820
44006,5,경주여행,여행,국내여행,경상북도,871,274,1145,20200820
44007,6,속초여행,여행,국내여행,강원도,824,227,1051,20200820
44008,7,남해여행,여행,국내여행,경상남도,575,191,766,20200820
44009,8,울산여행,여행,국내여행,울산광역시,511,127,638,20200820
44010,9,통영여행,여행,국내여행,경상남도,421,171,592,20200820
44011,10,전주여행,여행,국내여행,전라북도,433,133,566,20200820
44032,1,제주여행,여행,국내여행,제주특별자치도,181,1878,2059,20200823
44033,2,부산여행,여행,국내여행,부산광역시,140,1342,1482,20200823
44034,3,여수여행,여행,국내여행,전라남도,134,989,1123,20200823
44035,4,경주여행,여행,국내여행,경상북도,95,831,926,20200823
44036,5,속초여행,여행,국내여행,강원도,104,788,892,20200823
44037,6,강릉여행,여행,국내여행,강원도,120,711,831,20200823
44038,7,남해여행,여행,국내여행,경상남도,86,528,614,20200823
44039,8,통영여행,여행,국내여행,경상남도,59,378,437,20200823
44040,9,전주여행,여행,국내여행,전라북도,56,346,402,20200823
44041,10,울산여행,여행,국내여행,울산광역시,36,350,386,20200823
44012,1,제주여행,여행,국내여행,제주특별자치도,1878,542,2420,20200821
44013,2,부산여행,여행,국내여행,부산광역시,1624,308,1932,20200821
44014,3,속초여행,여행,국내여행,강원도,1468,304,1772,20200821
44015,4,여수여행,여행,국내여행,전라남도,997,284,1281,20200821
44016,5,강릉여행,여행,국내여행,강원도,835,228,1063,20200821
44017,6,경주여행,여행,국내여행,경상북도,746,201,947,20200821
44018,7,남해여행,여행,국내여행,경상남도,465,182,647,20200821
44019,8,통영여행,여행,국내여행,경상남도,380,139,519,20200821
44020,9,군산여행,여행,국내여행,전라북도,346,106,452,20200821
44021,10,전주여행,여행,국내여행,전라북도,330,116,446,20200821
44092,1,제주여행,여행,국내여행,제주특별자치도,145,1365,1510,20200829
44093,2,부산여행,여행,국내여행,부산광역시,125,965,1090,20200829
44094,3,강릉여행,여행,국내여행,강원도,68,594,662,20200829
44095,4,여수여행,여행,국내여행,전라남도,69,548,617,20200829
44096,5,경주여행,여행,국내여행,경상북도,82,503,585,20200829
44097,6,속초여행,여행,국내여행,강원도,68,482,550,20200829
44098,7,남해여행,여행,국내여행,경상남도,50,461,511,20200829
44099,8,울산여행,여행,국내여행,울산광역시,30,321,351,20200829
44100,9,통영여행,여행,국내여행,경상남도,45,299,344,20200829
44101,10,군산여행,여행,국내여행,전라북도,35,273,308,20200829
44052,1,제주여행,여행,국내여행,제주특별자치도,364,1588,1952,20200825
44053,2,부산여행,여행,국내여행,부산광역시,263,927,1190,20200825
44054,3,여수여행,여행,국내여행,전라남도,232,654,886,20200825
44055,4,강릉여행,여행,국내여행,강원도,182,567,749,20200825
44056,5,경주여행,여행,국내여행,경상북도,184,532,716,20200825
44057,6,속초여행,여행,국내여행,강원도,143,489,632,20200825
44058,7,남해여행,여행,국내여행,경상남도,165,405,570,20200825
44059,8,전주여행,여행,국내여행,전라북도,95,275,370,20200825
44060,9,통영여행,여행,국내여행,경상남도,107,215,322,20200825
44061,10,군산여행,여행,국내여행,전라북도,80,234,314,20200825
43992,1,제주여행,여행,국내여행,제주특별자치도,2084,615,2699,20200819
43993,2,부산여행,여행,국내여행,부산광역시,1820,465,2285,20200819
43994,3,여수여행,여행,국내여행,전라남도,1356,383,1739,20200819
43995,4,강릉여행,여행,국내여행,강원도,969,309,1278,20200819
43996,5,경주여행,여행,국내여행,경상북도,931,280,1211,20200819
43997,6,속초여행,여행,국내여행,강원도,864,249,1113,20200819
43998,7,남해여행,여행,국내여행,경상남도,600,242,842,20200819
43999,8,통영여행,여행,국내여행,경상남도,458,158,616,20200819
44000,9,전주여행,여행,국내여행,전라북도,454,134,588,20200819
44001,10,울산여행,여행,국내여행,울산광역시,427,113,540,20200819
43882,1,부산여행,여행,국내여행,부산광역시,2614,480,3094,20200808
43883,2,제주여행,여행,국내여행,제주특별자치도,2046,386,2432,20200808
43884,3,여수여행,여행,국내여행,전라남도,1885,287,2172,20200808
43885,4,강릉여행,여행,국내여행,강원도,1344,227,1571,20200808
43886,5,경주여행,여행,국내여행,경상북도,1325,200,1525,20200808
43887,6,속초여행,여행,국내여행,강원도,1224,155,1379,20200808
43888,7,남해여행,여행,국내여행,경상남도,881,150,1031,20200808
43889,8,군산여행,여행,국내여행,전라북도,651,124,775,20200808
43890,9,전주여행,여행,국내여행,전라북도,600,95,695,20200808
43891,10,통영여행,여행,국내여행,경상남도,577,85,662,20200808
43832,1,부산여행,여행,국내여행,부산광역시,3909,1148,5057,20200803
43833,2,여수여행,여행,국내여행,전라남도,2821,874,3695,20200803
43834,3,제주여행,여행,국내여행,제주특별자치도,2300,774,3074,20200803
43835,4,경주여행,여행,국내여행,경상북도,2183,543,2726,20200803
43836,5,강릉여행,여행,국내여행,강원도,1698,484,2182,20200803
43837,6,남해여행,여행,국내여행,경상남도,1587,458,2045,20200803
43838,7,속초여행,여행,국내여행,강원도,1242,372,1614,20200803
43839,8,전주여행,여행,국내여행,전라북도,1229,272,1501,20200803
43840,9,군산여행,여행,국내여행,전라북도,1117,257,1374,20200803
43841,10,통영여행,여행,국내여행,경상남도,1057,252,1309,20200803
43922,1,부산여행,여행,국내여행,부산광역시,3260,1066,4326,20200812
43923,2,제주여행,여행,국내여행,제주특별자치도,2314,742,3056,20200812
43924,3,여수여행,여행,국내여행,전라남도,2149,656,2805,20200812
43925,4,경주여행,여행,국내여행,경상북도,1668,600,2268,20200812
43926,5,강릉여행,여행,국내여행,강원도,1533,495,2028,20200812
43927,6,속초여행,여행,국내여행,강원도,1447,398,1845,20200812
43928,7,남해여행,여행,국내여행,경상남도,1082,380,1462,20200812
43929,8,군산여행,여행,국내여행,전라북도,886,299,1185,20200812
43930,9,전주여행,여행,국내여행,전라북도,888,239,1127,20200812
43931,10,통영여행,여행,국내여행,경상남도,726,248,974,20200812
43862,1,부산여행,여행,국내여행,부산광역시,2892,833,3725,20200806
43863,2,제주여행,여행,국내여행,제주특별자치도,2093,633,2726,20200806
43864,3,여수여행,여행,국내여행,전라남도,2033,654,2687,20200806
43865,4,경주여행,여행,국내여행,경상북도,1600,387,1987,20200806
43866,5,강릉여행,여행,국내여행,강원도,1292,415,1707,20200806
43867,6,남해여행,여행,국내여행,경상남도,1173,267,1440,20200806
43868,7,속초여행,여행,국내여행,강원도,1107,282,1389,20200806
43869,8,군산여행,여행,국내여행,전라북도,765,251,1016,20200806
43870,9,전주여행,여행,국내여행,전라북도,746,216,962,20200806
43871,10,통영여행,여행,국내여행,경상남도,618,209,827,20200806
43892,1,부산여행,여행,국내여행,부산광역시,2909,508,3417,20200809
43893,2,제주여행,여행,국내여행,제주특별자치도,2464,364,2828,20200809
43894,3,여수여행,여행,국내여행,전라남도,2036,355,2391,20200809
43895,4,경주여행,여행,국내여행,경상북도,1945,209,2154,20200809
43896,5,강릉여행,여행,국내여행,강원도,1694,267,1961,20200809
43897,6,속초여행,여행,국내여행,강원도,1354,194,1548,20200809
43898,7,남해여행,여행,국내여행,경상남도,1017,152,1169,20200809
43899,8,전주여행,여행,국내여행,전라북도,865,122,987,20200809
43900,9,통영여행,여행,국내여행,경상남도,735,116,851,20200809
43901,10,포항여행,여행,국내여행,경상북도,728,101,829,20200809
43972,1,부산여행,여행,국내여행,부산광역시,2624,397,3021,20200817
43973,2,제주여행,여행,국내여행,제주특별자치도,2476,414,2890,20200817
43974,3,여수여행,여행,국내여행,전라남도,1767,381,2148,20200817
43975,4,경주여행,여행,국내여행,경상북도,1464,243,1707,20200817
43976,5,강릉여행,여행,국내여행,강원도,1355,289,1644,20200817
43977,6,속초여행,여행,국내여행,강원도,1255,199,1454,20200817
43978,7,남해여행,여행,국내여행,경상남도,1037,201,1238,20200817
43979,8,전주여행,여행,국내여행,전라북도,712,121,833,20200817
43980,9,군산여행,여행,국내여행,전라북도,688,114,802,20200817
43981,10,통영여행,여행,국내여행,경상남도,657,138,795,20200817
43962,1,부산여행,여행,국내여행,부산광역시,3260,415,3675,20200816
43963,2,제주여행,여행,국내여행,제주특별자치도,2357,267,2624,20200816
43964,3,여수여행,여행,국내여행,전라남도,2114,275,2389,20200816
43965,4,강릉여행,여행,국내여행,강원도,1697,209,1906,20200816
43966,5,경주여행,여행,국내여행,경상북도,1604,168,1772,20200816
43967,6,속초여행,여행,국내여행,강원도,1555,176,1731,20200816
43968,7,남해여행,여행,국내여행,경상남도,1178,150,1328,20200816
43969,8,군산여행,여행,국내여행,전라북도,896,100,996,20200816
43970,9,전주여행,여행,국내여행,전라북도,882,87,969,20200816
43971,10,춘천여행,여행,국내여행,강원도,863,75,938,20200816
43952,1,부산여행,여행,국내여행,부산광역시,4005,395,4400,20200815
43953,2,여수여행,여행,국내여행,전라남도,2237,226,2463,20200815
43954,3,제주여행,여행,국내여행,제주특별자치도,2195,252,2447,20200815
43955,4,경주여행,여행,국내여행,경상북도,1819,193,2012,20200815
43956,5,강릉여행,여행,국내여행,강원도,1618,195,1813,20200815
43957,6,속초여행,여행,국내여행,강원도,1432,149,1581,20200815
43958,7,남해여행,여행,국내여행,경상남도,1273,120,1393,20200815
43959,8,군산여행,여행,국내여행,전라북도,1228,101,1329,20200815
43960,9,전주여행,여행,국내여행,전라북도,1066,98,1164,20200815
43961,10,포항여행,여행,국내여행,경상북도,851,77,928,20200815
43822,1,부산여행,여행,국내여행,부산광역시,4155,616,4771,20200802
43823,2,여수여행,여행,국내여행,전라남도,3285,446,3731,20200802
43824,3,제주여행,여행,국내여행,제주특별자치도,2447,272,2719,20200802
43825,4,경주여행,여행,국내여행,경상북도,2260,305,2565,20200802
43826,5,강릉여행,여행,국내여행,강원도,1862,298,2160,20200802
43827,6,남해여행,여행,국내여행,경상남도,1786,209,1995,20200802
43828,7,속초여행,여행,국내여행,강원도,1519,236,1755,20200802
43829,8,통영여행,여행,국내여행,경상남도,1176,145,1321,20200802
43830,9,전주여행,여행,국내여행,전라북도,1139,167,1306,20200802
43831,10,포항여행,여행,국내여행,경상북도,1137,106,1243,20200802
43772,1,부산여행,여행,국내여행,부산광역시,3465,1213,4678,20200728
43773,2,여수여행,여행,국내여행,전라남도,2341,993,3334,20200728
43774,3,제주여행,여행,국내여행,제주특별자치도,2434,875,3309,20200728
43775,4,경주여행,여행,국내여행,경상북도,1700,678,2378,20200728
43776,5,강릉여행,여행,국내여행,강원도,1645,688,2333,20200728
43777,6,속초여행,여행,국내여행,강원도,1452,534,1986,20200728
43778,7,남해여행,여행,국내여행,경상남도,1381,541,1922,20200728
43779,8,전주여행,여행,국내여행,전라북도,899,350,1249,20200728
43780,9,군산여행,여행,국내여행,전라북도,852,285,1137,20200728
43781,10,통영여행,여행,국내여행,경상남도,796,308,1104,20200728
43802,1,부산여행,여행,국내여행,부산광역시,3851,1087,4938,20200731
43803,2,여수여행,여행,국내여행,전라남도,2407,728,3135,20200731
43804,3,제주여행,여행,국내여행,제주특별자치도,2078,669,2747,20200731
43805,4,경주여행,여행,국내여행,경상북도,1718,542,2260,20200731
43806,5,강릉여행,여행,국내여행,강원도,1499,532,2031,20200731
43807,6,남해여행,여행,국내여행,경상남도,1349,421,1770,20200731
43808,7,속초여행,여행,국내여행,강원도,1407,346,1753,20200731
43809,8,전주여행,여행,국내여행,전라북도,984,216,1200,20200731
43810,9,통영여행,여행,국내여행,경상남도,886,222,1108,20200731
43811,10,포항여행,여행,국내여행,경상북도,873,234,1107,20200731
43692,1,부산여행,여행,국내여행,부산광역시,3371,1206,4577,20200720
43693,2,여수여행,여행,국내여행,전라남도,2229,1018,3247,20200720
43694,3,제주여행,여행,국내여행,제주특별자치도,2267,872,3139,20200720
43695,4,강릉여행,여행,국내여행,강원도,1718,710,2428,20200720
43696,5,경주여행,여행,국내여행,경상북도,1589,578,2167,20200720
43697,6,속초여행,여행,국내여행,강원도,1332,463,1795,20200720
43698,7,남해여행,여행,국내여행,경상남도,1256,512,1768,20200720
43699,8,통영여행,여행,국내여행,경상남도,749,326,1075,20200720
43700,9,전주여행,여행,국내여행,전라북도,793,264,1057,20200720
43701,10,군산여행,여행,국내여행,전라북도,754,286,1040,20200720
43722,1,부산여행,여행,국내여행,부산광역시,2904,1103,4007,20200723
43723,2,제주여행,여행,국내여행,제주특별자치도,2303,730,3033,20200723
43724,3,여수여행,여행,국내여행,전라남도,1977,690,2667,20200723
43725,4,강릉여행,여행,국내여행,강원도,1372,596,1968,20200723
43726,5,속초여행,여행,국내여행,강원도,1225,468,1693,20200723
43727,6,경주여행,여행,국내여행,경상북도,1272,410,1682,20200723
43728,7,남해여행,여행,국내여행,경상남도,1111,392,1503,20200723
43729,8,전주여행,여행,국내여행,전라북도,691,215,906,20200723
43730,9,포항여행,여행,국내여행,경상북도,662,204,866,20200723
43731,10,군산여행,여행,국내여행,전라북도,612,248,860,20200723
43852,1,부산여행,여행,국내여행,부산광역시,3089,940,4029,20200805
43853,2,여수여행,여행,국내여행,전라남도,2304,763,3067,20200805
43854,3,제주여행,여행,국내여행,제주특별자치도,2067,698,2765,20200805
43855,4,경주여행,여행,국내여행,경상북도,1698,452,2150,20200805
43856,5,강릉여행,여행,국내여행,강원도,1381,419,1800,20200805
43857,6,남해여행,여행,국내여행,경상남도,1273,357,1630,20200805
43858,7,속초여행,여행,국내여행,강원도,1109,292,1401,20200805
43859,8,전주여행,여행,국내여행,전라북도,926,246,1172,20200805
43860,9,군산여행,여행,국내여행,전라북도,793,252,1045,20200805
43861,10,통영여행,여행,국내여행,경상남도,757,252,1009,20200805
43932,1,부산여행,여행,국내여행,부산광역시,3644,1090,4734,20200813
43933,2,제주여행,여행,국내여행,제주특별자치도,2229,753,2982,20200813
43934,3,여수여행,여행,국내여행,전라남도,2247,683,2930,20200813
43935,4,경주여행,여행,국내여행,경상북도,1661,470,2131,20200813
43936,5,강릉여행,여행,국내여행,강원도,1581,495,2076,20200813
43937,6,속초여행,여행,국내여행,강원도,1582,331,1913,20200813
43938,7,남해여행,여행,국내여행,경상남도,1241,369,1610,20200813
43939,8,군산여행,여행,국내여행,전라북도,952,237,1189,20200813
43940,9,전주여행,여행,국내여행,전라북도,897,263,1160,20200813
43941,10,통영여행,여행,국내여행,경상남도,770,219,989,20200813
43732,1,부산여행,여행,국내여행,부산광역시,3155,1010,4165,20200724
43733,2,제주여행,여행,국내여행,제주특별자치도,1849,613,2462,20200724
43734,3,여수여행,여행,국내여행,전라남도,1732,617,2349,20200724
43735,4,강릉여행,여행,국내여행,강원도,1187,453,1640,20200724
43736,5,경주여행,여행,국내여행,경상북도,1133,397,1530,20200724
43737,6,속초여행,여행,국내여행,강원도,1115,367,1482,20200724
43738,7,남해여행,여행,국내여행,경상남도,924,327,1251,20200724
43739,8,전주여행,여행,국내여행,전라북도,715,221,936,20200724
43740,9,군산여행,여행,국내여행,전라북도,636,185,821,20200724
43741,10,춘천여행,여행,국내여행,강원도,627,177,804,20200724
43702,1,부산여행,여행,국내여행,부산광역시,3141,1258,4399,20200721
43703,2,여수여행,여행,국내여행,전라남도,2345,931,3276,20200721
43704,3,제주여행,여행,국내여행,제주특별자치도,2237,768,3005,20200721
43705,4,강릉여행,여행,국내여행,강원도,1589,677,2266,20200721
43706,5,경주여행,여행,국내여행,경상북도,1443,609,2052,20200721
43707,6,남해여행,여행,국내여행,경상남도,1313,637,1950,20200721
43708,7,속초여행,여행,국내여행,강원도,1281,534,1815,20200721
43709,8,군산여행,여행,국내여행,전라북도,802,328,1130,20200721
43710,9,통영여행,여행,국내여행,경상남도,772,313,1085,20200721
43711,10,전주여행,여행,국내여행,전라북도,746,275,1021,20200721
43792,1,부산여행,여행,국내여행,부산광역시,3486,1266,4752,20200730
43793,2,여수여행,여행,국내여행,전라남도,2377,816,3193,20200730
43794,3,제주여행,여행,국내여행,제주특별자치도,2240,707,2947,20200730
43795,4,경주여행,여행,국내여행,경상북도,1763,572,2335,20200730
43796,5,강릉여행,여행,국내여행,강원도,1637,554,2191,20200730
43797,6,남해여행,여행,국내여행,경상남도,1393,535,1928,20200730
43798,7,속초여행,여행,국내여행,강원도,1405,430,1835,20200730
43799,8,전주여행,여행,국내여행,전라북도,970,283,1253,20200730
43800,9,군산여행,여행,국내여행,전라북도,852,300,1152,20200730
43801,10,포항여행,여행,국내여행,경상북도,847,269,1116,20200730
43762,1,부산여행,여행,국내여행,부산광역시,3519,1302,4821,20200727
43763,2,여수여행,여행,국내여행,전라남도,2509,1072,3581,20200727
43764,3,제주여행,여행,국내여행,제주특별자치도,2469,841,3310,20200727
43765,4,강릉여행,여행,국내여행,강원도,1834,792,2626,20200727
43766,5,경주여행,여행,국내여행,경상북도,1765,698,2463,20200727
43767,6,속초여행,여행,국내여행,강원도,1459,534,1993,20200727
43768,7,남해여행,여행,국내여행,경상남도,1386,556,1942,20200727
43769,8,전주여행,여행,국내여행,전라북도,1000,292,1292,20200727
43770,9,통영여행,여행,국내여행,경상남도,811,359,1170,20200727
43771,10,군산여행,여행,국내여행,전라북도,864,305,1169,20200727
43582,1,부산여행,여행,국내여행,부산광역시,2188,765,2953,20200709
43583,2,제주여행,여행,국내여행,제주특별자치도,2259,606,2865,20200709
43584,3,여수여행,여행,국내여행,전라남도,1415,634,2049,20200709
43585,4,강릉여행,여행,국내여행,강원도,1413,527,1940,20200709
43586,5,속초여행,여행,국내여행,강원도,1142,439,1581,20200709
43587,6,남해여행,여행,국내여행,경상남도,1056,452,1508,20200709
43588,7,경주여행,여행,국내여행,경상북도,1013,363,1376,20200709
43589,8,전주여행,여행,국내여행,전라북도,552,188,740,20200709
43590,9,군산여행,여행,국내여행,전라북도,516,213,729,20200709
43591,10,통영여행,여행,국내여행,경상남도,461,226,687,20200709
43652,1,부산여행,여행,국내여행,부산광역시,2798,907,3705,20200716
43653,2,제주여행,여행,국내여행,제주특별자치도,2268,716,2984,20200716
43654,3,여수여행,여행,국내여행,전라남도,1775,633,2408,20200716
43655,4,강릉여행,여행,국내여행,강원도,1473,516,1989,20200716
43656,5,경주여행,여행,국내여행,경상북도,1223,439,1662,20200716
43657,6,속초여행,여행,국내여행,강원도,1123,353,1476,20200716
43658,7,남해여행,여행,국내여행,경상남도,1040,351,1391,20200716
43659,8,군산여행,여행,국내여행,전라북도,699,256,955,20200716
43660,9,통영여행,여행,국내여행,경상남도,660,219,879,20200716
43661,10,전주여행,여행,국내여행,전라북도,659,214,873,20200716
43642,1,부산여행,여행,국내여행,부산광역시,2525,1004,3529,20200715
43643,2,제주여행,여행,국내여행,제주특별자치도,2338,818,3156,20200715
43644,3,여수여행,여행,국내여행,전라남도,1821,677,2498,20200715
43645,4,강릉여행,여행,국내여행,강원도,1525,627,2152,20200715
43646,5,경주여행,여행,국내여행,경상북도,1284,409,1693,20200715
43647,6,남해여행,여행,국내여행,경상남도,1197,430,1627,20200715
43648,7,속초여행,여행,국내여행,강원도,1164,385,1549,20200715
43649,8,통영여행,여행,국내여행,경상남도,728,263,991,20200715
43650,9,군산여행,여행,국내여행,전라북도,701,245,946,20200715
43651,10,전주여행,여행,국내여행,전라북도,649,244,893,20200715
43612,1,부산여행,여행,국내여행,부산광역시,3177,433,3610,20200712
43613,2,제주여행,여행,국내여행,제주특별자치도,2930,356,3286,20200712
43614,3,여수여행,여행,국내여행,전라남도,2079,333,2412,20200712
43615,4,강릉여행,여행,국내여행,강원도,1924,365,2289,20200712
43616,5,경주여행,여행,국내여행,경상북도,1491,245,1736,20200712
43617,6,속초여행,여행,국내여행,강원도,1464,212,1676,20200712
43618,7,남해여행,여행,국내여행,경상남도,1387,156,1543,20200712
43619,8,통영여행,여행,국내여행,경상남도,747,133,880,20200712
43620,9,군산여행,여행,국내여행,전라북도,766,103,869,20200712
43621,10,전주여행,여행,국내여행,전라북도,650,120,770,20200712
43552,1,제주여행,여행,국내여행,제주특별자치도,2326,760,3086,20200706
43553,2,부산여행,여행,국내여행,부산광역시,2118,821,2939,20200706
43554,3,여수여행,여행,국내여행,전라남도,1586,615,2201,20200706
43555,4,강릉여행,여행,국내여행,강원도,1556,601,2157,20200706
43556,5,남해여행,여행,국내여행,경상남도,1209,433,1642,20200706
43557,6,속초여행,여행,국내여행,강원도,1188,370,1558,20200706
43558,7,경주여행,여행,국내여행,경상북도,1082,371,1453,20200706
43559,8,통영여행,여행,국내여행,경상남도,636,236,872,20200706
43560,9,전주여행,여행,국내여행,전라북도,557,225,782,20200706
43561,10,군산여행,여행,국내여행,전라북도,546,199,745,20200706
43622,1,부산여행,여행,국내여행,부산광역시,2881,1034,3915,20200713
43623,2,제주여행,여행,국내여행,제주특별자치도,2604,871,3475,20200713
43624,3,여수여행,여행,국내여행,전라남도,1724,806,2530,20200713
43625,4,강릉여행,여행,국내여행,강원도,1607,583,2190,20200713
43626,5,속초여행,여행,국내여행,강원도,1318,402,1720,20200713
43627,6,경주여행,여행,국내여행,경상북도,1288,417,1705,20200713
43628,7,남해여행,여행,국내여행,경상남도,1098,507,1605,20200713
43629,8,군산여행,여행,국내여행,전라북도,628,270,898,20200713
43630,9,전주여행,여행,국내여행,전라북도,658,224,882,20200713
43631,10,안동여행,여행,국내여행,경상북도,654,213,867,20200713
43532,1,부산여행,여행,국내여행,부산광역시,2272,327,2599,20200704
43533,2,제주여행,여행,국내여행,제주특별자치도,2189,343,2532,20200704
43534,3,강릉여행,여행,국내여행,강원도,1733,220,1953,20200704
43535,4,여수여행,여행,국내여행,전라남도,1572,209,1781,20200704
43536,5,속초여행,여행,국내여행,강원도,1256,174,1430,20200704
43537,6,경주여행,여행,국내여행,경상북도,1114,159,1273,20200704
43538,7,남해여행,여행,국내여행,경상남도,1063,120,1183,20200704
43539,8,인천여행,여행,국내여행,인천광역시,969,187,1156,20200704
43540,9,전주여행,여행,국내여행,전라북도,638,108,746,20200704
43541,10,춘천여행,여행,국내여행,강원도,633,82,715,20200704
43632,1,부산여행,여행,국내여행,부산광역시,2793,1093,3886,20200714
43633,2,제주여행,여행,국내여행,제주특별자치도,2464,776,3240,20200714
43634,3,여수여행,여행,국내여행,전라남도,1901,735,2636,20200714
43635,4,강릉여행,여행,국내여행,강원도,1533,601,2134,20200714
43636,5,경주여행,여행,국내여행,경상북도,1256,516,1772,20200714
43637,6,남해여행,여행,국내여행,경상남도,1196,468,1664,20200714
43638,7,속초여행,여행,국내여행,강원도,1163,432,1595,20200714
43639,8,통영여행,여행,국내여행,경상남도,744,267,1011,20200714
43640,9,전주여행,여행,국내여행,전라북도,676,255,931,20200714
43641,10,포항여행,여행,국내여행,경상북도,673,225,898,20200714
43542,1,부산여행,여행,국내여행,부산광역시,2623,380,3003,20200705
43543,2,제주여행,여행,국내여행,제주특별자치도,2460,389,2849,20200705
43544,3,여수여행,여행,국내여행,전라남도,1959,326,2285,20200705
43545,4,강릉여행,여행,국내여행,강원도,1857,243,2100,20200705
43546,5,남해여행,여행,국내여행,경상남도,1356,169,1525,20200705
43547,6,속초여행,여행,국내여행,강원도,1324,178,1502,20200705
43548,7,경주여행,여행,국내여행,경상북도,1257,184,1441,20200705
43549,8,통영여행,여행,국내여행,경상남도,743,119,862,20200705
43550,9,포항여행,여행,국내여행,경상북도,651,84,735,20200705
43551,10,전주여행,여행,국내여행,전라북도,614,112,726,20200705
43572,1,제주여행,여행,국내여행,제주특별자치도,2361,720,3081,20200708
43573,2,부산여행,여행,국내여행,부산광역시,2070,825,2895,20200708
43574,3,여수여행,여행,국내여행,전라남도,1522,564,2086,20200708
43575,4,강릉여행,여행,국내여행,강원도,1462,462,1924,20200708
43576,5,속초여행,여행,국내여행,강원도,1160,365,1525,20200708
43577,6,경주여행,여행,국내여행,경상북도,1084,383,1467,20200708
43578,7,남해여행,여행,국내여행,경상남도,1071,358,1429,20200708
43579,8,통영여행,여행,국내여행,경상남도,561,240,801,20200708
43580,9,전주여행,여행,국내여행,전라북도,558,211,769,20200708
43581,10,군산여행,여행,국내여행,전라북도,531,227,758,20200708
43492,1,제주여행,여행,국내여행,제주특별자치도,2335,652,2987,20200630
43493,2,부산여행,여행,국내여행,부산광역시,2159,693,2852,20200630
43494,3,여수여행,여행,국내여행,전라남도,1513,542,2055,20200630
43495,4,강릉여행,여행,국내여행,강원도,1133,416,1549,20200630
43496,5,남해여행,여행,국내여행,경상남도,916,356,1272,20200630
43497,6,속초여행,여행,국내여행,강원도,946,325,1271,20200630
43498,7,경주여행,여행,국내여행,경상북도,957,283,1240,20200630
43499,8,전주여행,여행,국내여행,전라북도,554,216,770,20200630
43500,9,통영여행,여행,국내여행,경상남도,493,198,691,20200630
43501,10,군산여행,여행,국내여행,전라북도,432,213,645,20200630
43472,1,부산여행,여행,국내여행,부산광역시,2206,353,2559,20200628
43473,2,제주여행,여행,국내여행,제주특별자치도,2253,284,2537,20200628
43474,3,여수여행,여행,국내여행,전라남도,1806,237,2043,20200628
43475,4,강릉여행,여행,국내여행,강원도,1314,195,1509,20200628
43476,5,경주여행,여행,국내여행,경상북도,1142,163,1305,20200628
43477,6,속초여행,여행,국내여행,강원도,1115,140,1255,20200628
43478,7,남해여행,여행,국내여행,경상남도,1041,117,1158,20200628
43479,8,전주여행,여행,국내여행,전라북도,612,116,728,20200628
43480,9,통영여행,여행,국내여행,경상남도,561,84,645,20200628
43481,10,군산여행,여행,국내여행,전라북도,547,91,638,20200628
43432,1,제주여행,여행,국내여행,제주특별자치도,1907,530,2437,20200624
43433,2,부산여행,여행,국내여행,부산광역시,1594,523,2117,20200624
43434,3,강릉여행,여행,국내여행,강원도,1010,339,1349,20200624
43435,4,여수여행,여행,국내여행,전라남도,1008,317,1325,20200624
43436,5,경주여행,여행,국내여행,경상북도,765,317,1082,20200624
43437,6,남해여행,여행,국내여행,경상남도,713,344,1057,20200624
43438,7,속초여행,여행,국내여행,강원도,695,265,960,20200624
43439,8,전주여행,여행,국내여행,전라북도,419,187,606,20200624
43440,9,통영여행,여행,국내여행,경상남도,364,161,525,20200624
43441,10,군산여행,여행,국내여행,전라북도,353,161,514,20200624
43522,1,제주여행,여행,국내여행,제주특별자치도,2227,623,2850,20200703
43523,2,부산여행,여행,국내여행,부산광역시,1900,570,2470,20200703
43524,3,강릉여행,여행,국내여행,강원도,1467,463,1930,20200703
43525,4,여수여행,여행,국내여행,전라남도,1349,426,1775,20200703
43526,5,경주여행,여행,국내여행,경상북도,1032,290,1322,20200703
43527,6,속초여행,여행,국내여행,강원도,1040,266,1306,20200703
43528,7,남해여행,여행,국내여행,경상남도,876,304,1180,20200703
43529,8,전주여행,여행,국내여행,전라북도,583,164,747,20200703
43530,9,군산여행,여행,국내여행,전라북도,510,191,701,20200703
43531,10,춘천여행,여행,국내여행,강원도,512,142,654,20200703
43262,1,제주여행,여행,국내여행,제주특별자치도,1957,173,2130,20200607
43263,2,부산여행,여행,국내여행,부산광역시,1623,202,1825,20200607
43264,3,여수여행,여행,국내여행,전라남도,1147,146,1293,20200607
43265,4,강릉여행,여행,국내여행,강원도,1092,166,1258,20200607
43266,5,경주여행,여행,국내여행,경상북도,876,138,1014,20200607
43267,6,속초여행,여행,국내여행,강원도,789,102,891,20200607
43268,7,남해여행,여행,국내여행,경상남도,722,102,824,20200607
43269,8,전주여행,여행,국내여행,전라북도,533,68,601,20200607
43270,9,춘천여행,여행,국내여행,강원도,496,64,560,20200607
43271,10,군산여행,여행,국내여행,전라북도,442,71,513,20200607
43252,1,부산여행,여행,국내여행,부산광역시,1667,176,1843,20200606
43253,2,제주여행,여행,국내여행,제주특별자치도,1587,202,1789,20200606
43254,3,여수여행,여행,국내여행,전라남도,1110,123,1233,20200606
43255,4,강릉여행,여행,국내여행,강원도,1027,126,1153,20200606
43256,5,경주여행,여행,국내여행,경상북도,829,119,948,20200606
43257,6,속초여행,여행,국내여행,강원도,795,90,885,20200606
43258,7,남해여행,여행,국내여행,경상남도,639,97,736,20200606
43259,8,군산여행,여행,국내여행,전라북도,649,78,727,20200606
43260,9,춘천여행,여행,국내여행,강원도,502,52,554,20200606
43261,10,전주여행,여행,국내여행,전라북도,489,64,553,20200606
43332,1,제주여행,여행,국내여행,제주특별자치도,2022,205,2227,20200614
43333,2,부산여행,여행,국내여행,부산광역시,1547,236,1783,20200614
43334,3,여수여행,여행,국내여행,전라남도,1195,160,1355,20200614
43335,4,강릉여행,여행,국내여행,강원도,1155,183,1338,20200614
43336,5,경주여행,여행,국내여행,경상북도,889,119,1008,20200614
43337,6,속초여행,여행,국내여행,강원도,865,133,998,20200614
43338,7,남해여행,여행,국내여행,경상남도,821,112,933,20200614
43339,8,전주여행,여행,국내여행,전라북도,477,107,584,20200614
43340,9,군산여행,여행,국내여행,전라북도,514,68,582,20200614
43341,10,춘천여행,여행,국내여행,강원도,469,78,547,20200614
43452,1,부산여행,여행,국내여행,부산광역시,1876,548,2424,20200626
43453,2,제주여행,여행,국내여행,제주특별자치도,1823,521,2344,20200626
43454,3,여수여행,여행,국내여행,전라남도,1213,407,1620,20200626
43455,4,강릉여행,여행,국내여행,강원도,1114,339,1453,20200626
43456,5,속초여행,여행,국내여행,강원도,952,262,1214,20200626
43457,6,경주여행,여행,국내여행,경상북도,875,283,1158,20200626
43458,7,남해여행,여행,국내여행,경상남도,796,296,1092,20200626
43459,8,군산여행,여행,국내여행,전라북도,505,178,683,20200626
43460,9,전주여행,여행,국내여행,전라북도,509,164,673,20200626
43461,10,통영여행,여행,국내여행,경상남도,418,159,577,20200626
43442,1,제주여행,여행,국내여행,제주특별자치도,2035,454,2489,20200625
43443,2,부산여행,여행,국내여행,부산광역시,1683,553,2236,20200625
43444,3,여수여행,여행,국내여행,전라남도,1113,425,1538,20200625
43445,4,강릉여행,여행,국내여행,강원도,1073,366,1439,20200625
43446,5,경주여행,여행,국내여행,경상북도,912,299,1211,20200625
43447,6,남해여행,여행,국내여행,경상남도,746,261,1007,20200625
43448,7,속초여행,여행,국내여행,강원도,738,256,994,20200625
43449,8,군산여행,여행,국내여행,전라북도,439,195,634,20200625
43450,9,전주여행,여행,국내여행,전라북도,456,170,626,20200625
43451,10,춘천여행,여행,국내여행,강원도,390,137,527,20200625
43482,1,제주여행,여행,국내여행,제주특별자치도,2241,684,2925,20200629
43483,2,부산여행,여행,국내여행,부산광역시,2042,679,2721,20200629
43484,3,여수여행,여행,국내여행,전라남도,1508,596,2104,20200629
43485,4,강릉여행,여행,국내여행,강원도,1262,445,1707,20200629
43486,5,경주여행,여행,국내여행,경상북도,958,331,1289,20200629
43487,6,속초여행,여행,국내여행,강원도,993,281,1274,20200629
43488,7,남해여행,여행,국내여행,경상남도,883,389,1272,20200629
43489,8,전주여행,여행,국내여행,전라북도,531,207,738,20200629
43490,9,군산여행,여행,국내여행,전라북도,446,200,646,20200629
43491,10,춘천여행,여행,국내여행,강원도,473,138,611,20200629
43402,1,제주여행,여행,국내여행,제주특별자치도,2102,179,2281,20200621
43403,2,부산여행,여행,국내여행,부산광역시,1971,279,2250,20200621
43404,3,여수여행,여행,국내여행,전라남도,1240,140,1380,20200621
43405,4,강릉여행,여행,국내여행,강원도,1180,156,1336,20200621
43406,5,경주여행,여행,국내여행,경상북도,974,141,1115,20200621
43407,6,속초여행,여행,국내여행,강원도,908,122,1030,20200621
43408,7,남해여행,여행,국내여행,경상남도,878,140,1018,20200621
43409,8,전주여행,여행,국내여행,전라북도,503,72,575,20200621
43410,9,군산여행,여행,국내여행,전라북도,482,77,559,20200621
43411,10,통영여행,여행,국내여행,경상남도,462,71,533,20200621
43382,1,제주여행,여행,국내여행,제주특별자치도,1936,480,2416,20200619
43383,2,부산여행,여행,국내여행,부산광역시,1784,439,2223,20200619
43384,3,강릉여행,여행,국내여행,강원도,1124,373,1497,20200619
43385,4,여수여행,여행,국내여행,전라남도,1111,319,1430,20200619
43386,5,속초여행,여행,국내여행,강원도,917,266,1183,20200619
43387,6,경주여행,여행,국내여행,경상북도,845,298,1143,20200619
43388,7,남해여행,여행,국내여행,경상남도,658,201,859,20200619
43389,8,전주여행,여행,국내여행,전라북도,553,181,734,20200619
43390,9,군산여행,여행,국내여행,전라북도,395,170,565,20200619
43391,10,통영여행,여행,국내여행,경상남도,400,147,547,20200619
43412,1,제주여행,여행,국내여행,제주특별자치도,2179,667,2846,20200622
43413,2,부산여행,여행,국내여행,부산광역시,1520,595,2115,20200622
43414,3,여수여행,여행,국내여행,전라남도,1332,339,1671,20200622
43415,4,강릉여행,여행,국내여행,강원도,1036,401,1437,20200622
43416,5,남해여행,여행,국내여행,경상남도,838,332,1170,20200622
43417,6,경주여행,여행,국내여행,경상북도,848,282,1130,20200622
43418,7,속초여행,여행,국내여행,강원도,700,353,1053,20200622
43419,8,전주여행,여행,국내여행,전라북도,395,195,590,20200622
43420,9,통영여행,여행,국내여행,경상남도,407,179,586,20200622
43421,10,군산여행,여행,국내여행,전라북도,380,192,572,20200622
43372,1,제주여행,여행,국내여행,제주특별자치도,2004,525,2529,20200618
43373,2,부산여행,여행,국내여행,부산광역시,1675,561,2236,20200618
43374,3,강릉여행,여행,국내여행,강원도,983,444,1427,20200618
43375,4,여수여행,여행,국내여행,전라남도,954,372,1326,20200618
43376,5,속초여행,여행,국내여행,강원도,816,310,1126,20200618
43377,6,경주여행,여행,국내여행,경상북도,761,309,1070,20200618
43378,7,남해여행,여행,국내여행,경상남도,684,228,912,20200618
43379,8,전주여행,여행,국내여행,전라북도,507,193,700,20200618
43380,9,군산여행,여행,국내여행,전라북도,391,163,554,20200618
43381,10,통영여행,여행,국내여행,경상남도,363,180,543,20200618
43222,1,제주여행,여행,국내여행,제주특별자치도,1701,444,2145,20200603
43223,2,부산여행,여행,국내여행,부산광역시,1301,351,1652,20200603
43224,3,여수여행,여행,국내여행,전라남도,977,299,1276,20200603
43225,4,강릉여행,여행,국내여행,강원도,772,321,1093,20200603
43226,5,경주여행,여행,국내여행,경상북도,725,276,1001,20200603
43227,6,속초여행,여행,국내여행,강원도,626,209,835,20200603
43228,7,남해여행,여행,국내여행,경상남도,616,217,833,20200603
43229,8,전주여행,여행,국내여행,전라북도,473,178,651,20200603
43230,9,군산여행,여행,국내여행,전라북도,381,177,558,20200603
43231,10,춘천여행,여행,국내여행,강원도,341,113,454,20200603
43322,1,제주여행,여행,국내여행,제주특별자치도,1638,217,1855,20200613
43323,2,부산여행,여행,국내여행,부산광역시,1313,187,1500,20200613
43324,3,강릉여행,여행,국내여행,강원도,1004,167,1171,20200613
43325,4,여수여행,여행,국내여행,전라남도,898,124,1022,20200613
43326,5,속초여행,여행,국내여행,강원도,811,119,930,20200613
43327,6,경주여행,여행,국내여행,경상북도,795,118,913,20200613
43328,7,남해여행,여행,국내여행,경상남도,543,99,642,20200613
43329,8,춘천여행,여행,국내여행,강원도,495,60,555,20200613
43330,9,전주여행,여행,국내여행,전라북도,421,63,484,20200613
43331,10,군산여행,여행,국내여행,전라북도,376,46,422,20200613
43302,1,제주여행,여행,국내여행,제주특별자치도,1570,544,2114,20200611
43303,2,부산여행,여행,국내여행,부산광역시,1185,425,1610,20200611
43304,3,강릉여행,여행,국내여행,강원도,806,303,1109,20200611
43305,4,여수여행,여행,국내여행,전라남도,795,308,1103,20200611
43306,5,경주여행,여행,국내여행,경상북도,649,216,865,20200611
43307,6,속초여행,여행,국내여행,강원도,619,235,854,20200611
43308,7,남해여행,여행,국내여행,경상남도,543,216,759,20200611
43309,8,군산여행,여행,국내여행,전라북도,362,136,498,20200611
43310,9,춘천여행,여행,국내여행,강원도,367,124,491,20200611
43311,10,전주여행,여행,국내여행,전라북도,357,110,467,20200611
43292,1,제주여행,여행,국내여행,제주특별자치도,1633,428,2061,20200610
43293,2,부산여행,여행,국내여행,부산광역시,1205,366,1571,20200610
43294,3,여수여행,여행,국내여행,전라남도,840,284,1124,20200610
43295,4,강릉여행,여행,국내여행,강원도,704,316,1020,20200610
43296,5,경주여행,여행,국내여행,경상북도,610,274,884,20200610
43297,6,속초여행,여행,국내여행,강원도,594,240,834,20200610
43298,7,남해여행,여행,국내여행,경상남도,496,223,719,20200610
43299,8,전주여행,여행,국내여행,전라북도,354,143,497,20200610
43300,9,춘천여행,여행,국내여행,강원도,331,135,466,20200610
43301,10,군산여행,여행,국내여행,전라북도,300,148,448,20200610
43232,1,제주여행,여행,국내여행,제주특별자치도,1674,465,2139,20200604
43233,2,부산여행,여행,국내여행,부산광역시,1270,411,1681,20200604
43234,3,여수여행,여행,국내여행,전라남도,1077,360,1437,20200604
43235,4,강릉여행,여행,국내여행,강원도,908,290,1198,20200604
43236,5,경주여행,여행,국내여행,경상북도,729,262,991,20200604
43237,6,속초여행,여행,국내여행,강원도,709,223,932,20200604
43238,7,남해여행,여행,국내여행,경상남도,597,208,805,20200604
43239,8,전주여행,여행,국내여행,전라북도,485,194,679,20200604
43240,9,군산여행,여행,국내여행,전라북도,415,179,594,20200604
43241,10,춘천여행,여행,국내여행,강원도,360,153,513,20200604
43072,1,제주여행,여행,국내여행,제주특별자치도,2022,432,2454,20200519
43073,2,부산여행,여행,국내여행,부산광역시,1146,304,1450,20200519
43074,3,여수여행,여행,국내여행,전라남도,888,295,1183,20200519
43075,4,강릉여행,여행,국내여행,강원도,730,266,996,20200519
43076,5,경주여행,여행,국내여행,경상북도,670,254,924,20200519
43077,6,속초여행,여행,국내여행,강원도,543,205,748,20200519
43078,7,남해여행,여행,국내여행,경상남도,481,218,699,20200519
43079,8,전주여행,여행,국내여행,전라북도,485,193,678,20200519
43080,9,군산여행,여행,국내여행,전라북도,393,180,573,20200519
43081,10,통영여행,여행,국내여행,경상남도,294,141,435,20200519
43022,1,제주여행,여행,국내여행,제주특별자치도,1412,314,1726,20200514
43023,2,부산여행,여행,국내여행,부산광역시,825,245,1070,20200514
43024,3,여수여행,여행,국내여행,전라남도,681,237,918,20200514
43025,4,강릉여행,여행,국내여행,강원도,605,230,835,20200514
43026,5,경주여행,여행,국내여행,경상북도,424,187,611,20200514
43027,6,남해여행,여행,국내여행,경상남도,415,187,602,20200514
43028,7,속초여행,여행,국내여행,강원도,379,170,549,20200514
43029,8,군산여행,여행,국내여행,전라북도,327,140,467,20200514
43030,9,전주여행,여행,국내여행,전라북도,342,113,455,20200514
43031,10,통영여행,여행,국내여행,경상남도,205,101,306,20200514
43062,1,제주여행,여행,국내여행,제주특별자치도,2025,504,2529,20200518
43063,2,부산여행,여행,국내여행,부산광역시,1074,329,1403,20200518
43064,3,여수여행,여행,국내여행,전라남도,933,295,1228,20200518
43065,4,강릉여행,여행,국내여행,강원도,774,277,1051,20200518
43066,5,경주여행,여행,국내여행,경상북도,621,232,853,20200518
43067,6,남해여행,여행,국내여행,경상남도,501,218,719,20200518
43068,7,속초여행,여행,국내여행,강원도,512,173,685,20200518
43069,8,전주여행,여행,국내여행,전라북도,475,187,662,20200518
43070,9,군산여행,여행,국내여행,전라북도,422,141,563,20200518
43071,10,통영여행,여행,국내여행,경상남도,275,118,393,20200518
43172,1,제주여행,여행,국내여행,제주특별자치도,1566,370,1936,20200529
43173,2,부산여행,여행,국내여행,부산광역시,1006,307,1313,20200529
43174,3,강릉여행,여행,국내여행,강원도,746,242,988,20200529
43175,4,여수여행,여행,국내여행,전라남도,734,242,976,20200529
43176,5,경주여행,여행,국내여행,경상북도,657,245,902,20200529
43177,6,속초여행,여행,국내여행,강원도,621,206,827,20200529
43178,7,남해여행,여행,국내여행,경상남도,437,196,633,20200529
43179,8,전주여행,여행,국내여행,전라북도,437,153,590,20200529
43180,9,춘천여행,여행,국내여행,강원도,445,133,578,20200529
43181,10,군산여행,여행,국내여행,전라북도,409,150,559,20200529
43162,1,제주여행,여행,국내여행,제주특별자치도,1745,481,2226,20200528
43163,2,부산여행,여행,국내여행,부산광역시,939,294,1233,20200528
43164,3,여수여행,여행,국내여행,전라남도,838,297,1135,20200528
43165,4,강릉여행,여행,국내여행,강원도,700,257,957,20200528
43166,5,경주여행,여행,국내여행,경상북도,676,245,921,20200528
43167,6,속초여행,여행,국내여행,강원도,653,228,881,20200528
43168,7,남해여행,여행,국내여행,경상남도,530,193,723,20200528
43169,8,전주여행,여행,국내여행,전라북도,454,179,633,20200528
43170,9,군산여행,여행,국내여행,전라북도,386,167,553,20200528
43171,10,춘천여행,여행,국내여행,강원도,330,123,453,20200528
43142,1,제주여행,여행,국내여행,제주특별자치도,2064,506,2570,20200526
43143,2,부산여행,여행,국내여행,부산광역시,1088,319,1407,20200526
43144,3,강릉여행,여행,국내여행,강원도,872,280,1152,20200526
43145,4,여수여행,여행,국내여행,전라남도,791,282,1073,20200526
43146,5,경주여행,여행,국내여행,경상북도,644,234,878,20200526
43147,6,속초여행,여행,국내여행,강원도,608,229,837,20200526
43148,7,남해여행,여행,국내여행,경상남도,528,219,747,20200526
43149,8,전주여행,여행,국내여행,전라북도,505,159,664,20200526
43150,9,군산여행,여행,국내여행,전라북도,367,173,540,20200526
43151,10,춘천여행,여행,국내여행,강원도,337,109,446,20200526
43092,1,제주여행,여행,국내여행,제주특별자치도,1825,435,2260,20200521
43093,2,부산여행,여행,국내여행,부산광역시,1124,308,1432,20200521
43094,3,강릉여행,여행,국내여행,강원도,869,281,1150,20200521
43095,4,여수여행,여행,국내여행,전라남도,838,271,1109,20200521
43096,5,속초여행,여행,국내여행,강원도,656,221,877,20200521
43097,6,경주여행,여행,국내여행,경상북도,639,224,863,20200521
43098,7,남해여행,여행,국내여행,경상남도,607,178,785,20200521
43099,8,전주여행,여행,국내여행,전라북도,604,152,756,20200521
43100,9,군산여행,여행,국내여행,전라북도,414,161,575,20200521
43101,10,춘천여행,여행,국내여행,강원도,308,140,448,20200521
43032,1,제주여행,여행,국내여행,제주특별자치도,1367,273,1640,20200515
43033,2,부산여행,여행,국내여행,부산광역시,884,221,1105,20200515
43034,3,여수여행,여행,국내여행,전라남도,751,220,971,20200515
43035,4,강릉여행,여행,국내여행,강원도,658,202,860,20200515
43036,5,속초여행,여행,국내여행,강원도,502,151,653,20200515
43037,6,경주여행,여행,국내여행,경상북도,428,178,606,20200515
43038,7,전주여행,여행,국내여행,전라북도,416,107,523,20200515
43039,8,군산여행,여행,국내여행,전라북도,373,141,514,20200515
43040,9,남해여행,여행,국내여행,경상남도,337,142,479,20200515
43041,10,통영여행,여행,국내여행,경상남도,230,88,318,20200515
43102,1,제주여행,여행,국내여행,제주특별자치도,1673,465,2138,20200522
43103,2,부산여행,여행,국내여행,부산광역시,1090,305,1395,20200522
43104,3,여수여행,여행,국내여행,전라남도,898,275,1173,20200522
43105,4,강릉여행,여행,국내여행,강원도,886,244,1130,20200522
43106,5,경주여행,여행,국내여행,경상북도,670,226,896,20200522
43107,6,속초여행,여행,국내여행,강원도,654,191,845,20200522
43108,7,남해여행,여행,국내여행,경상남도,577,184,761,20200522
43109,8,전주여행,여행,국내여행,전라북도,571,155,726,20200522
43110,9,군산여행,여행,국내여행,전라북도,435,172,607,20200522
43111,10,춘천여행,여행,국내여행,강원도,344,95,439,20200522
43132,1,제주여행,여행,국내여행,제주특별자치도,2107,522,2629,20200525
43133,2,부산여행,여행,국내여행,부산광역시,1092,307,1399,20200525
43134,3,여수여행,여행,국내여행,전라남도,866,262,1128,20200525
43135,4,강릉여행,여행,국내여행,강원도,757,281,1038,20200525
43136,5,경주여행,여행,국내여행,경상북도,703,238,941,20200525
43137,6,속초여행,여행,국내여행,강원도,604,241,845,20200525
43138,7,남해여행,여행,국내여행,경상남도,558,235,793,20200525
43139,8,전주여행,여행,국내여행,전라북도,482,173,655,20200525
43140,9,군산여행,여행,국내여행,전라북도,464,176,640,20200525
43141,10,춘천여행,여행,국내여행,강원도,345,142,487,20200525
43122,1,제주여행,여행,국내여행,제주특별자치도,1952,190,2142,20200524
43123,2,부산여행,여행,국내여행,부산광역시,1329,147,1476,20200524
43124,3,강릉여행,여행,국내여행,강원도,1041,134,1175,20200524
43125,4,여수여행,여행,국내여행,전라남도,1029,132,1161,20200524
43126,5,경주여행,여행,국내여행,경상북도,752,113,865,20200524
43127,6,속초여행,여행,국내여행,강원도,741,104,845,20200524
43128,7,남해여행,여행,국내여행,경상남도,734,92,826,20200524
43129,8,전주여행,여행,국내여행,전라북도,636,64,700,20200524
43130,9,군산여행,여행,국내여행,전라북도,485,66,551,20200524
43131,10,춘천여행,여행,국내여행,강원도,437,43,480,20200524
42982,1,제주여행,여행,국내여행,제주특별자치도,1666,149,1815,20200510
42983,2,부산여행,여행,국내여행,부산광역시,1170,164,1334,20200510
42984,3,강릉여행,여행,국내여행,강원도,862,122,984,20200510
42985,4,여수여행,여행,국내여행,전라남도,834,136,970,20200510
42986,5,경주여행,여행,국내여행,경상북도,639,94,733,20200510
42987,6,속초여행,여행,국내여행,강원도,566,86,652,20200510
42988,7,남해여행,여행,국내여행,경상남도,430,86,516,20200510
42989,8,군산여행,여행,국내여행,전라북도,441,63,504,20200510
42990,9,전주여행,여행,국내여행,전라북도,444,60,504,20200510
42991,10,통영여행,여행,국내여행,경상남도,269,38,307,20200510
42992,1,제주여행,여행,국내여행,제주특별자치도,1720,332,2052,20200511
42993,2,부산여행,여행,국내여행,부산광역시,932,280,1212,20200511
42994,3,강릉여행,여행,국내여행,강원도,802,257,1059,20200511
42995,4,여수여행,여행,국내여행,전라남도,759,239,998,20200511
42996,5,경주여행,여행,국내여행,경상북도,505,220,725,20200511
42997,6,속초여행,여행,국내여행,강원도,481,184,665,20200511
42998,7,남해여행,여행,국내여행,경상남도,431,171,602,20200511
42999,8,전주여행,여행,국내여행,전라북도,409,145,554,20200511
43000,9,군산여행,여행,국내여행,전라북도,326,133,459,20200511
43001,10,통영여행,여행,국내여행,경상남도,278,105,383,20200511
42962,1,제주여행,여행,국내여행,제주특별자치도,1438,280,1718,20200508
42963,2,부산여행,여행,국내여행,부산광역시,955,233,1188,20200508
42964,3,여수여행,여행,국내여행,전라남도,651,203,854,20200508
42965,4,강릉여행,여행,국내여행,강원도,568,202,770,20200508
42966,5,경주여행,여행,국내여행,경상북도,491,184,675,20200508
42967,6,속초여행,여행,국내여행,강원도,404,161,565,20200508
42968,7,군산여행,여행,국내여행,전라북도,325,130,455,20200508
42969,8,남해여행,여행,국내여행,경상남도,306,133,439,20200508
42970,9,전주여행,여행,국내여행,전라북도,314,104,418,20200508
42971,10,통영여행,여행,국내여행,경상남도,201,88,289,20200508
42932,1,제주여행,여행,국내여행,제주특별자치도,1812,239,2051,20200505
42933,2,부산여행,여행,국내여행,부산광역시,1310,187,1497,20200505
42934,3,여수여행,여행,국내여행,전라남도,1016,158,1174,20200505
42935,4,강릉여행,여행,국내여행,강원도,912,169,1081,20200505
42936,5,경주여행,여행,국내여행,경상북도,768,129,897,20200505
42937,6,속초여행,여행,국내여행,강원도,622,96,718,20200505
42938,7,군산여행,여행,국내여행,전라북도,617,77,694,20200505
42939,8,남해여행,여행,국내여행,경상남도,589,72,661,20200505
42940,9,전주여행,여행,국내여행,전라북도,533,76,609,20200505
42941,10,춘천여행,여행,국내여행,강원도,407,60,467,20200505
42912,1,제주여행,여행,국내여행,제주특별자치도,1610,168,1778,20200503
42913,2,부산여행,여행,국내여행,부산광역시,1468,161,1629,20200503
42914,3,여수여행,여행,국내여행,전라남도,1277,116,1393,20200503
42915,4,강릉여행,여행,국내여행,강원도,1143,135,1278,20200503
42916,5,군산여행,여행,국내여행,전라북도,995,108,1103,20200503
42917,6,경주여행,여행,국내여행,경상북도,925,127,1052,20200503
42918,7,속초여행,여행,국내여행,강원도,940,105,1045,20200503
42919,8,전주여행,여행,국내여행,전라북도,748,109,857,20200503
42920,9,남해여행,여행,국내여행,경상남도,694,65,759,20200503
42921,10,춘천여행,여행,국내여행,강원도,510,60,570,20200503
42952,1,제주여행,여행,국내여행,제주특별자치도,1673,427,2100,20200507
42953,2,부산여행,여행,국내여행,부산광역시,1017,321,1338,20200507
42954,3,여수여행,여행,국내여행,전라남도,747,241,988,20200507
42955,4,강릉여행,여행,국내여행,강원도,698,221,919,20200507
42956,5,경주여행,여행,국내여행,경상북도,601,206,807,20200507
42957,6,속초여행,여행,국내여행,강원도,433,163,596,20200507
42958,7,남해여행,여행,국내여행,경상남도,390,169,559,20200507
42959,8,군산여행,여행,국내여행,전라북도,380,150,530,20200507
42960,9,전주여행,여행,국내여행,전라북도,372,140,512,20200507
42961,10,춘천여행,여행,국내여행,강원도,246,87,333,20200507
42902,1,부산여행,여행,국내여행,부산광역시,1848,199,2047,20200502
42903,2,제주여행,여행,국내여행,제주특별자치도,1596,177,1773,20200502
42904,3,여수여행,여행,국내여행,전라남도,1422,139,1561,20200502
42905,4,강릉여행,여행,국내여행,강원도,1283,157,1440,20200502
42906,5,속초여행,여행,국내여행,강원도,1176,117,1293,20200502
42907,6,군산여행,여행,국내여행,전라북도,1173,116,1289,20200502
42908,7,경주여행,여행,국내여행,경상북도,1027,116,1143,20200502
42909,8,전주여행,여행,국내여행,전라북도,969,78,1047,20200502
42910,9,남해여행,여행,국내여행,경상남도,824,80,904,20200502
42911,10,춘천여행,여행,국내여행,강원도,633,65,698,20200502
42972,1,제주여행,여행,국내여행,제주특별자치도,1695,224,1919,20200509
42973,2,부산여행,여행,국내여행,부산광역시,903,147,1050,20200509
42974,3,여수여행,여행,국내여행,전라남도,810,140,950,20200509
42975,4,강릉여행,여행,국내여행,강원도,742,91,833,20200509
42976,5,경주여행,여행,국내여행,경상북도,534,92,626,20200509
42977,6,속초여행,여행,국내여행,강원도,476,64,540,20200509
42978,7,전주여행,여행,국내여행,전라북도,399,72,471,20200509
42979,8,군산여행,여행,국내여행,전라북도,339,55,394,20200509
42980,9,남해여행,여행,국내여행,경상남도,329,64,393,20200509
42981,10,춘천여행,여행,국내여행,강원도,241,23,264,20200509
42942,1,제주여행,여행,국내여행,제주특별자치도,2020,371,2391,20200506
42943,2,부산여행,여행,국내여행,부산광역시,1021,318,1339,20200506
42944,3,여수여행,여행,국내여행,전라남도,916,272,1188,20200506
42945,4,강릉여행,여행,국내여행,강원도,782,263,1045,20200506
42946,5,경주여행,여행,국내여행,경상북도,621,202,823,20200506
42947,6,속초여행,여행,국내여행,강원도,467,185,652,20200506
42948,7,군산여행,여행,국내여행,전라북도,440,157,597,20200506
42949,8,남해여행,여행,국내여행,경상남도,415,180,595,20200506
42950,9,전주여행,여행,국내여행,전라북도,425,159,584,20200506
42951,10,통영여행,여행,국내여행,경상남도,295,109,404,20200506
42742,1,제주여행,여행,국내여행,제주특별자치도,1611,428,2039,20200416
42743,2,부산여행,여행,국내여행,부산광역시,980,352,1332,20200416
42744,3,강릉여행,여행,국내여행,강원도,794,277,1071,20200416
42745,4,여수여행,여행,국내여행,전라남도,793,270,1063,20200416
42746,5,속초여행,여행,국내여행,강원도,546,209,755,20200416
42747,6,남해여행,여행,국내여행,경상남도,509,197,706,20200416
42748,7,경주여행,여행,국내여행,경상북도,457,224,681,20200416
42749,8,전주여행,여행,국내여행,전라북도,463,177,640,20200416
42750,9,군산여행,여행,국내여행,전라북도,357,215,572,20200416
42751,10,춘천여행,여행,국내여행,강원도,271,130,401,20200416
42822,1,제주여행,여행,국내여행,제주특별자치도,2020,478,2498,20200424
42823,2,부산여행,여행,국내여행,부산광역시,1483,362,1845,20200424
42824,3,여수여행,여행,국내여행,전라남도,1083,351,1434,20200424
42825,4,강릉여행,여행,국내여행,강원도,955,329,1284,20200424
42826,5,경주여행,여행,국내여행,경상북도,709,288,997,20200424
42827,6,전주여행,여행,국내여행,전라북도,708,271,979,20200424
42828,7,군산여행,여행,국내여행,전라북도,636,257,893,20200424
42829,8,속초여행,여행,국내여행,강원도,632,235,867,20200424
42830,9,남해여행,여행,국내여행,경상남도,607,225,832,20200424
42831,10,춘천여행,여행,국내여행,강원도,480,155,635,20200424
42832,1,제주여행,여행,국내여행,제주특별자치도,2177,253,2430,20200425
42833,2,부산여행,여행,국내여행,부산광역시,1855,219,2074,20200425
42834,3,여수여행,여행,국내여행,전라남도,1293,181,1474,20200425
42835,4,강릉여행,여행,국내여행,강원도,1222,182,1404,20200425
42836,5,속초여행,여행,국내여행,강원도,967,127,1094,20200425
42837,6,경주여행,여행,국내여행,경상북도,952,118,1070,20200425
42838,7,전주여행,여행,국내여행,전라북도,891,128,1019,20200425
42839,8,군산여행,여행,국내여행,전라북도,751,114,865,20200425
42840,9,남해여행,여행,국내여행,경상남도,695,120,815,20200425
42841,10,춘천여행,여행,국내여행,강원도,530,68,598,20200425
42922,1,제주여행,여행,국내여행,제주특별자치도,1547,324,1871,20200504
42923,2,부산여행,여행,국내여행,부산광역시,1308,273,1581,20200504
42924,3,여수여행,여행,국내여행,전라남도,1073,217,1290,20200504
42925,4,강릉여행,여행,국내여행,강원도,997,246,1243,20200504
42926,5,경주여행,여행,국내여행,경상북도,789,177,966,20200504
42927,6,속초여행,여행,국내여행,강원도,689,181,870,20200504
42928,7,군산여행,여행,국내여행,전라북도,630,149,779,20200504
42929,8,전주여행,여행,국내여행,전라북도,597,151,748,20200504
42930,9,남해여행,여행,국내여행,경상남도,596,142,738,20200504
42931,10,춘천여행,여행,국내여행,강원도,457,112,569,20200504
42892,1,부산여행,여행,국내여행,부산광역시,2312,218,2530,20200501
42893,2,여수여행,여행,국내여행,전라남도,1902,186,2088,20200501
42894,3,제주여행,여행,국내여행,제주특별자치도,1808,232,2040,20200501
42895,4,강릉여행,여행,국내여행,강원도,1516,193,1709,20200501
42896,5,속초여행,여행,국내여행,강원도,1315,175,1490,20200501
42897,6,경주여행,여행,국내여행,경상북도,1299,191,1490,20200501
42898,7,군산여행,여행,국내여행,전라북도,1252,186,1438,20200501
42899,8,전주여행,여행,국내여행,전라북도,1052,137,1189,20200501
42900,9,남해여행,여행,국내여행,경상남도,993,150,1143,20200501
42901,10,춘천여행,여행,국내여행,강원도,856,101,957,20200501
42812,1,제주여행,여행,국내여행,제주특별자치도,2125,520,2645,20200423
42813,2,부산여행,여행,국내여행,부산광역시,1464,501,1965,20200423
42814,3,여수여행,여행,국내여행,전라남도,1137,404,1541,20200423
42815,4,강릉여행,여행,국내여행,강원도,948,387,1335,20200423
42816,5,속초여행,여행,국내여행,강원도,751,299,1050,20200423
42817,6,경주여행,여행,국내여행,경상북도,739,278,1017,20200423
42818,7,전주여행,여행,국내여행,전라북도,714,297,1011,20200423
42819,8,군산여행,여행,국내여행,전라북도,551,318,869,20200423
42820,9,남해여행,여행,국내여행,경상남도,544,258,802,20200423
42821,10,통영여행,여행,국내여행,경상남도,394,204,598,20200423
42762,1,제주여행,여행,국내여행,제주특별자치도,1781,241,2022,20200418
42763,2,부산여행,여행,국내여행,부산광역시,1352,154,1506,20200418
42764,3,강릉여행,여행,국내여행,강원도,991,151,1142,20200418
42765,4,여수여행,여행,국내여행,전라남도,973,121,1094,20200418
42766,5,속초여행,여행,국내여행,강원도,628,107,735,20200418
42767,6,경주여행,여행,국내여행,경상북도,577,88,665,20200418
42768,7,군산여행,여행,국내여행,전라북도,569,82,651,20200418
42769,8,전주여행,여행,국내여행,전라북도,551,84,635,20200418
42770,9,남해여행,여행,국내여행,경상남도,528,74,602,20200418
42771,10,춘천여행,여행,국내여행,강원도,463,60,523,20200418
42732,1,제주여행,여행,국내여행,제주특별자치도,1524,160,1684,20200415
42733,2,부산여행,여행,국내여행,부산광역시,1034,179,1213,20200415
42734,3,여수여행,여행,국내여행,전라남도,835,141,976,20200415
42735,4,강릉여행,여행,국내여행,강원도,768,142,910,20200415
42736,5,속초여행,여행,국내여행,강원도,507,103,610,20200415
42737,6,경주여행,여행,국내여행,경상북도,444,112,556,20200415
42738,7,군산여행,여행,국내여행,전라북도,442,94,536,20200415
42739,8,전주여행,여행,국내여행,전라북도,431,85,516,20200415
42740,9,남해여행,여행,국내여행,경상남도,444,70,514,20200415
42741,10,춘천여행,여행,국내여행,강원도,294,50,344,20200415
42722,1,제주여행,여행,국내여행,제주특별자치도,1545,409,1954,20200414
42723,2,부산여행,여행,국내여행,부산광역시,896,302,1198,20200414
42724,3,강릉여행,여행,국내여행,강원도,678,266,944,20200414
42725,4,여수여행,여행,국내여행,전라남도,638,229,867,20200414
42726,5,속초여행,여행,국내여행,강원도,516,178,694,20200414
42727,6,경주여행,여행,국내여행,경상북도,361,214,575,20200414
42728,7,남해여행,여행,국내여행,경상남도,388,167,555,20200414
42729,8,군산여행,여행,국내여행,전라북도,337,191,528,20200414
42730,9,전주여행,여행,국내여행,전라북도,333,165,498,20200414
42731,10,통영여행,여행,국내여행,경상남도,256,115,371,20200414
42802,1,제주여행,여행,국내여행,제주특별자치도,2264,563,2827,20200422
42803,2,부산여행,여행,국내여행,부산광역시,1255,462,1717,20200422
42804,3,여수여행,여행,국내여행,전라남도,1029,398,1427,20200422
42805,4,강릉여행,여행,국내여행,강원도,964,354,1318,20200422
42806,5,경주여행,여행,국내여행,경상북도,786,301,1087,20200422
42807,6,속초여행,여행,국내여행,강원도,731,295,1026,20200422
42808,7,전주여행,여행,국내여행,전라북도,659,268,927,20200422
42809,8,군산여행,여행,국내여행,전라북도,547,306,853,20200422
42810,9,남해여행,여행,국내여행,경상남도,549,256,805,20200422
42811,10,통영여행,여행,국내여행,경상남도,408,235,643,20200422
42692,1,제주여행,여행,국내여행,제주특별자치도,1205,136,1341,20200411
42693,2,부산여행,여행,국내여행,부산광역시,913,102,1015,20200411
42694,3,강릉여행,여행,국내여행,강원도,705,111,816,20200411
42695,4,여수여행,여행,국내여행,전라남도,711,88,799,20200411
42696,5,속초여행,여행,국내여행,강원도,549,73,622,20200411
42697,6,군산여행,여행,국내여행,전라북도,438,56,494,20200411
42698,7,전주여행,여행,국내여행,전라북도,405,60,465,20200411
42699,8,남해여행,여행,국내여행,경상남도,345,55,400,20200411
42700,9,경주여행,여행,국내여행,경상북도,319,71,390,20200411
42701,10,춘천여행,여행,국내여행,강원도,284,47,331,20200411
46632,1,제주여행,여행,국내여행,제주특별자치도,681,1912,2593,20210510
46633,2,부산여행,여행,국내여행,부산광역시,610,1462,2072,20210510
46634,3,경주여행,여행,국내여행,경상북도,465,1179,1644,20210510
46635,4,여수여행,여행,국내여행,전라남도,368,1065,1433,20210510
46636,5,강릉여행,여행,국내여행,강원도,391,843,1234,20210510
46637,6,전주여행,여행,국내여행,전라북도,234,589,823,20210510
46638,7,남해여행,여행,국내여행,경상남도,240,555,795,20210510
46639,8,속초여행,여행,국내여행,강원도,213,538,751,20210510
46640,9,군산여행,여행,국내여행,전라북도,170,420,590,20210510
46641,10,춘천여행,여행,국내여행,강원도,132,412,544,20210510
46672,1,제주여행,여행,국내여행,제주특별자치도,524,1279,1803,20210514
46673,2,부산여행,여행,국내여행,부산광역시,457,1292,1749,20210514
46674,3,경주여행,여행,국내여행,경상북도,335,817,1152,20210514
46675,4,여수여행,여행,국내여행,전라남도,276,672,948,20210514
46676,5,강릉여행,여행,국내여행,강원도,231,615,846,20210514
46677,6,속초여행,여행,국내여행,강원도,167,435,602,20210514
46678,7,전주여행,여행,국내여행,전라북도,186,405,591,20210514
46679,8,남해여행,여행,국내여행,경상남도,205,335,540,20210514
46680,9,군산여행,여행,국내여행,전라북도,174,352,526,20210514
46681,10,대구여행,여행,국내여행,대구광역시,120,387,507,20210514
46552,1,부산여행,여행,국내여행,부산광역시,335,2225,2560,20210502
46553,2,제주여행,여행,국내여행,제주특별자치도,295,2064,2359,20210502
46554,3,경주여행,여행,국내여행,경상북도,255,1517,1772,20210502
46555,4,여수여행,여행,국내여행,전라남도,246,1344,1590,20210502
46556,5,강릉여행,여행,국내여행,강원도,199,1063,1262,20210502
46557,6,전주여행,여행,국내여행,전라북도,112,882,994,20210502
46558,7,속초여행,여행,국내여행,강원도,95,737,832,20210502
46559,8,남해여행,여행,국내여행,경상남도,120,687,807,20210502
46560,9,군산여행,여행,국내여행,전라북도,93,684,777,20210502
46561,10,춘천여행,여행,국내여행,강원도,74,603,677,20210502
46582,1,제주여행,여행,국내여행,제주특별자치도,265,1964,2229,20210505
46583,2,부산여행,여행,국내여행,부산광역시,336,1888,2224,20210505
46584,3,경주여행,여행,국내여행,경상북도,196,1305,1501,20210505
46585,4,여수여행,여행,국내여행,전라남도,142,1267,1409,20210505
46586,5,강릉여행,여행,국내여행,강원도,172,1075,1247,20210505
46587,6,전주여행,여행,국내여행,전라북도,130,800,930,20210505
46588,7,속초여행,여행,국내여행,강원도,114,687,801,20210505
46589,8,군산여행,여행,국내여행,전라북도,94,689,783,20210505
46590,9,남해여행,여행,국내여행,경상남도,100,631,731,20210505
46591,10,대구여행,여행,국내여행,대구광역시,73,608,681,20210505
46622,1,제주여행,여행,국내여행,제주특별자치도,302,2130,2432,20210509
46623,2,부산여행,여행,국내여행,부산광역시,322,1784,2106,20210509
46624,3,경주여행,여행,국내여행,경상북도,233,1289,1522,20210509
46625,4,여수여행,여행,국내여행,전라남도,239,1282,1521,20210509
46626,5,강릉여행,여행,국내여행,강원도,163,887,1050,20210509
46627,6,전주여행,여행,국내여행,전라북도,110,633,743,20210509
46628,7,속초여행,여행,국내여행,강원도,105,617,722,20210509
46629,8,군산여행,여행,국내여행,전라북도,74,630,704,20210509
46630,9,남해여행,여행,국내여행,경상남도,100,579,679,20210509
46631,10,대구여행,여행,국내여행,대구광역시,58,545,603,20210509
46612,1,제주여행,여행,국내여행,제주특별자치도,214,1672,1886,20210508
46613,2,부산여행,여행,국내여행,부산광역시,243,1517,1760,20210508
46614,3,경주여행,여행,국내여행,경상북도,156,1110,1266,20210508
46615,4,여수여행,여행,국내여행,전라남도,144,992,1136,20210508
46616,5,강릉여행,여행,국내여행,강원도,113,763,876,20210508
46617,6,전주여행,여행,국내여행,전라북도,76,571,647,20210508
46618,7,남해여행,여행,국내여행,경상남도,108,522,630,20210508
46619,8,속초여행,여행,국내여행,강원도,79,544,623,20210508
46620,9,군산여행,여행,국내여행,전라북도,70,506,576,20210508
46621,10,대구여행,여행,국내여행,대구광역시,85,480,565,20210508
46532,1,부산여행,여행,국내여행,부산광역시,640,1993,2633,20210430
46533,2,제주여행,여행,국내여행,제주특별자치도,492,1579,2071,20210430
46534,3,경주여행,여행,국내여행,경상북도,420,1076,1496,20210430
46535,4,여수여행,여행,국내여행,전라남도,280,1124,1404,20210430
46536,5,강릉여행,여행,국내여행,강원도,293,845,1138,20210430
46537,6,전주여행,여행,국내여행,전라북도,212,653,865,20210430
46538,7,속초여행,여행,국내여행,강원도,214,599,813,20210430
46539,8,군산여행,여행,국내여행,전라북도,200,559,759,20210430
46540,9,남해여행,여행,국내여행,경상남도,182,480,662,20210430
46541,10,대구여행,여행,국내여행,대구광역시,137,523,660,20210430
46572,1,제주여행,여행,국내여행,제주특별자치도,612,1693,2305,20210504
46573,2,부산여행,여행,국내여행,부산광역시,561,1674,2235,20210504
46574,3,경주여행,여행,국내여행,경상북도,402,1006,1408,20210504
46575,4,여수여행,여행,국내여행,전라남도,365,1029,1394,20210504
46576,5,강릉여행,여행,국내여행,강원도,340,893,1233,20210504
46577,6,전주여행,여행,국내여행,전라북도,228,642,870,20210504
46578,7,속초여행,여행,국내여행,강원도,237,581,818,20210504
46579,8,군산여행,여행,국내여행,전라북도,191,585,776,20210504
46580,9,춘천여행,여행,국내여행,강원도,168,518,686,20210504
46581,10,남해여행,여행,국내여행,경상남도,188,476,664,20210504
46442,1,제주여행,여행,국내여행,제주특별자치도,664,1930,2594,20210421
46443,2,부산여행,여행,국내여행,부산광역시,488,1380,1868,20210421
46444,3,경주여행,여행,국내여행,경상북도,448,926,1374,20210421
46445,4,여수여행,여행,국내여행,전라남도,243,895,1138,20210421
46446,5,강릉여행,여행,국내여행,강원도,304,724,1028,20210421
46447,6,속초여행,여행,국내여행,강원도,221,526,747,20210421
46448,7,전주여행,여행,국내여행,전라북도,226,510,736,20210421
46449,8,남해여행,여행,국내여행,경상남도,206,519,725,20210421
46450,9,군산여행,여행,국내여행,전라북도,167,440,607,20210421
46451,10,춘천여행,여행,국내여행,강원도,144,365,509,20210421
46602,1,제주여행,여행,국내여행,제주특별자치도,470,1498,1968,20210507
46603,2,부산여행,여행,국내여행,부산광역시,505,1424,1929,20210507
46604,3,경주여행,여행,국내여행,경상북도,340,990,1330,20210507
46605,4,여수여행,여행,국내여행,전라남도,272,988,1260,20210507
46606,5,강릉여행,여행,국내여행,강원도,305,744,1049,20210507
46607,6,속초여행,여행,국내여행,강원도,181,549,730,20210507
46608,7,전주여행,여행,국내여행,전라북도,186,499,685,20210507
46609,8,남해여행,여행,국내여행,경상남도,171,481,652,20210507
46610,9,군산여행,여행,국내여행,전라북도,185,434,619,20210507
46611,10,대구여행,여행,국내여행,대구광역시,116,374,490,20210507
46402,1,제주여행,여행,국내여행,제주특별자치도,278,2235,2513,20210417
46403,2,부산여행,여행,국내여행,부산광역시,208,1561,1769,20210417
46404,3,경주여행,여행,국내여행,경상북도,153,1123,1276,20210417
46405,4,여수여행,여행,국내여행,전라남도,160,1116,1276,20210417
46406,5,강릉여행,여행,국내여행,강원도,133,816,949,20210417
46407,6,전주여행,여행,국내여행,전라북도,101,678,779,20210417
46408,7,속초여행,여행,국내여행,강원도,91,661,752,20210417
46409,8,남해여행,여행,국내여행,경상남도,95,609,704,20210417
46410,9,군산여행,여행,국내여행,전라북도,72,545,617,20210417
46411,10,대구여행,여행,국내여행,대구광역시,62,482,544,20210417
46112,1,제주여행,여행,국내여행,제주특별자치도,530,1754,2284,20210319
46113,2,부산여행,여행,국내여행,부산광역시,371,1200,1571,20210319
46114,3,경주여행,여행,국내여행,경상북도,225,773,998,20210319
46115,4,여수여행,여행,국내여행,전라남도,231,747,978,20210319
46116,5,강릉여행,여행,국내여행,강원도,200,596,796,20210319
46117,6,전주여행,여행,국내여행,전라북도,184,451,635,20210319
46118,7,속초여행,여행,국내여행,강원도,159,464,623,20210319
46119,8,군산여행,여행,국내여행,전라북도,162,399,561,20210319
46120,9,남해여행,여행,국내여행,경상남도,142,397,539,20210319
46121,10,춘천여행,여행,국내여행,강원도,120,350,470,20210319
46292,1,제주여행,여행,국내여행,제주특별자치도,732,2293,3025,20210406
46293,2,부산여행,여행,국내여행,부산광역시,498,1436,1934,20210406
46294,3,경주여행,여행,국내여행,경상북도,450,1132,1582,20210406
46295,4,여수여행,여행,국내여행,전라남도,358,984,1342,20210406
46296,5,강릉여행,여행,국내여행,강원도,290,766,1056,20210406
46297,6,전주여행,여행,국내여행,전라북도,269,743,1012,20210406
46298,7,남해여행,여행,국내여행,경상남도,201,534,735,20210406
46299,8,속초여행,여행,국내여행,강원도,188,501,689,20210406
46300,9,군산여행,여행,국내여행,전라북도,198,485,683,20210406
46301,10,춘천여행,여행,국내여행,강원도,146,420,566,20210406
46102,1,제주여행,여행,국내여행,제주특별자치도,733,1862,2595,20210318
46103,2,부산여행,여행,국내여행,부산광역시,442,1183,1625,20210318
46104,3,경주여행,여행,국내여행,경상북도,323,861,1184,20210318
46105,4,여수여행,여행,국내여행,전라남도,272,774,1046,20210318
46106,5,강릉여행,여행,국내여행,강원도,265,577,842,20210318
46107,6,전주여행,여행,국내여행,전라북도,210,447,657,20210318
46108,7,속초여행,여행,국내여행,강원도,202,442,644,20210318
46109,8,남해여행,여행,국내여행,경상남도,163,438,601,20210318
46110,9,군산여행,여행,국내여행,전라북도,134,334,468,20210318
46111,10,춘천여행,여행,국내여행,강원도,142,302,444,20210318
46332,1,제주여행,여행,국내여행,제주특별자치도,217,2087,2304,20210410
46333,2,부산여행,여행,국내여행,부산광역시,211,1701,1912,20210410
46334,3,경주여행,여행,국내여행,경상북도,138,1085,1223,20210410
46335,4,여수여행,여행,국내여행,전라남도,117,1004,1121,20210410
46336,5,강릉여행,여행,국내여행,강원도,114,873,987,20210410
46337,6,전주여행,여행,국내여행,전라북도,87,731,818,20210410
46338,7,속초여행,여행,국내여행,강원도,76,593,669,20210410
46339,8,군산여행,여행,국내여행,전라북도,63,600,663,20210410
46340,9,남해여행,여행,국내여행,경상남도,73,574,647,20210410
46341,10,춘천여행,여행,국내여행,강원도,55,546,601,20210410
46382,1,제주여행,여행,국내여행,제주특별자치도,644,1973,2617,20210415
46383,2,부산여행,여행,국내여행,부산광역시,518,1203,1721,20210415
46384,3,경주여행,여행,국내여행,경상북도,398,924,1322,20210415
46385,4,여수여행,여행,국내여행,전라남도,321,826,1147,20210415
46386,5,강릉여행,여행,국내여행,강원도,282,771,1053,20210415
46387,6,전주여행,여행,국내여행,전라북도,219,596,815,20210415
46388,7,남해여행,여행,국내여행,경상남도,186,517,703,20210415
46389,8,속초여행,여행,국내여행,강원도,183,435,618,20210415
46390,9,군산여행,여행,국내여행,전라북도,173,386,559,20210415
46391,10,대구여행,여행,국내여행,대구광역시,122,368,490,20210415
46462,1,제주여행,여행,국내여행,제주특별자치도,539,1722,2261,20210423
46463,2,부산여행,여행,국내여행,부산광역시,416,1331,1747,20210423
46464,3,경주여행,여행,국내여행,경상북도,321,1049,1370,20210423
46465,4,여수여행,여행,국내여행,전라남도,289,887,1176,20210423
46466,5,강릉여행,여행,국내여행,강원도,282,765,1047,20210423
46467,6,전주여행,여행,국내여행,전라북도,185,534,719,20210423
46468,7,속초여행,여행,국내여행,강원도,210,503,713,20210423
46469,8,남해여행,여행,국내여행,경상남도,208,421,629,20210423
46470,9,춘천여행,여행,국내여행,강원도,167,455,622,20210423
46471,10,군산여행,여행,국내여행,전라북도,163,438,601,20210423
46452,1,제주여행,여행,국내여행,제주특별자치도,641,1944,2585,20210422
46453,2,부산여행,여행,국내여행,부산광역시,520,1443,1963,20210422
46454,3,경주여행,여행,국내여행,경상북도,391,984,1375,20210422
46455,4,여수여행,여행,국내여행,전라남도,424,940,1364,20210422
46456,5,강릉여행,여행,국내여행,강원도,280,791,1071,20210422
46457,6,전주여행,여행,국내여행,전라북도,216,546,762,20210422
46458,7,남해여행,여행,국내여행,경상남도,200,534,734,20210422
46459,8,속초여행,여행,국내여행,강원도,219,513,732,20210422
46460,9,군산여행,여행,국내여행,전라북도,173,456,629,20210422
46461,10,춘천여행,여행,국내여행,강원도,136,367,503,20210422
46352,1,제주여행,여행,국내여행,제주특별자치도,877,2556,3433,20210412
46353,2,부산여행,여행,국내여행,부산광역시,492,1386,1878,20210412
46354,3,경주여행,여행,국내여행,경상북도,411,1002,1413,20210412
46355,4,여수여행,여행,국내여행,전라남도,353,957,1310,20210412
46356,5,강릉여행,여행,국내여행,강원도,305,713,1018,20210412
46357,6,전주여행,여행,국내여행,전라북도,202,558,760,20210412
46358,7,남해여행,여행,국내여행,경상남도,239,460,699,20210412
46359,8,속초여행,여행,국내여행,강원도,176,463,639,20210412
46360,9,군산여행,여행,국내여행,전라북도,158,379,537,20210412
46361,10,대구여행,여행,국내여행,대구광역시,139,312,451,20210412
46392,1,제주여행,여행,국내여행,제주특별자치도,648,1919,2567,20210416
46393,2,부산여행,여행,국내여행,부산광역시,379,1389,1768,20210416
46394,3,경주여행,여행,국내여행,경상북도,412,960,1372,20210416
46395,4,여수여행,여행,국내여행,전라남도,314,999,1313,20210416
46396,5,강릉여행,여행,국내여행,강원도,234,738,972,20210416
46397,6,전주여행,여행,국내여행,전라북도,198,561,759,20210416
46398,7,남해여행,여행,국내여행,경상남도,209,490,699,20210416
46399,8,속초여행,여행,국내여행,강원도,194,481,675,20210416
46400,9,군산여행,여행,국내여행,전라북도,158,477,635,20210416
46401,10,대구여행,여행,국내여행,대구광역시,136,382,518,20210416
46432,1,제주여행,여행,국내여행,제주특별자치도,662,2242,2904,20210420
46433,2,부산여행,여행,국내여행,부산광역시,528,1326,1854,20210420
46434,3,경주여행,여행,국내여행,경상북도,409,1071,1480,20210420
46435,4,여수여행,여행,국내여행,전라남도,339,969,1308,20210420
46436,5,강릉여행,여행,국내여행,강원도,275,717,992,20210420
46437,6,전주여행,여행,국내여행,전라북도,219,548,767,20210420
46438,7,남해여행,여행,국내여행,경상남도,216,527,743,20210420
46439,8,속초여행,여행,국내여행,강원도,198,499,697,20210420
46440,9,군산여행,여행,국내여행,전라북도,162,452,614,20210420
46441,10,대구여행,여행,국내여행,대구광역시,147,368,515,20210420
46412,1,제주여행,여행,국내여행,제주특별자치도,233,2367,2600,20210418
46413,2,부산여행,여행,국내여행,부산광역시,226,1630,1856,20210418
46414,3,경주여행,여행,국내여행,경상북도,167,1253,1420,20210418
46415,4,여수여행,여행,국내여행,전라남도,151,1182,1333,20210418
46416,5,강릉여행,여행,국내여행,강원도,148,920,1068,20210418
46417,6,남해여행,여행,국내여행,경상남도,101,647,748,20210418
46418,7,전주여행,여행,국내여행,전라북도,83,663,746,20210418
46419,8,속초여행,여행,국내여행,강원도,81,611,692,20210418
46420,9,군산여행,여행,국내여행,전라북도,83,530,613,20210418
46421,10,춘천여행,여행,국내여행,강원도,75,444,519,20210418
46522,1,제주여행,여행,국내여행,제주특별자치도,683,1773,2456,20210429
46523,2,부산여행,여행,국내여행,부산광역시,571,1578,2149,20210429
46524,3,경주여행,여행,국내여행,경상북도,499,1168,1667,20210429
46525,4,여수여행,여행,국내여행,전라남도,282,1043,1325,20210429
46526,5,강릉여행,여행,국내여행,강원도,306,827,1133,20210429
46527,6,전주여행,여행,국내여행,전라북도,263,682,945,20210429
46528,7,속초여행,여행,국내여행,강원도,200,597,797,20210429
46529,8,군산여행,여행,국내여행,전라북도,186,577,763,20210429
46530,9,남해여행,여행,국내여행,경상남도,257,472,729,20210429
46531,10,대구여행,여행,국내여행,대구광역시,154,468,622,20210429
46342,1,제주여행,여행,국내여행,제주특별자치도,295,2452,2747,20210411
46343,2,부산여행,여행,국내여행,부산광역시,254,1593,1847,20210411
46344,3,경주여행,여행,국내여행,경상북도,143,1223,1366,20210411
46345,4,여수여행,여행,국내여행,전라남도,139,1122,1261,20210411
46346,5,강릉여행,여행,국내여행,강원도,121,873,994,20210411
46347,6,전주여행,여행,국내여행,전라북도,103,643,746,20210411
46348,7,남해여행,여행,국내여행,경상남도,86,642,728,20210411
46349,8,속초여행,여행,국내여행,강원도,70,522,592,20210411
46350,9,군산여행,여행,국내여행,전라북도,50,529,579,20210411
46351,10,대구여행,여행,국내여행,대구광역시,44,457,501,20210411
46282,1,제주여행,여행,국내여행,제주특별자치도,818,2476,3294,20210405
46283,2,부산여행,여행,국내여행,부산광역시,528,1427,1955,20210405
46284,3,경주여행,여행,국내여행,경상북도,450,1211,1661,20210405
46285,4,여수여행,여행,국내여행,전라남도,348,981,1329,20210405
46286,5,전주여행,여행,국내여행,전라북도,248,821,1069,20210405
46287,6,강릉여행,여행,국내여행,강원도,272,737,1009,20210405
46288,7,남해여행,여행,국내여행,경상남도,227,517,744,20210405
46289,8,군산여행,여행,국내여행,전라북도,182,503,685,20210405
46290,9,속초여행,여행,국내여행,강원도,186,489,675,20210405
46291,10,춘천여행,여행,국내여행,강원도,149,414,563,20210405
46272,1,제주여행,여행,국내여행,제주특별자치도,361,2753,3114,20210404
46273,2,부산여행,여행,국내여행,부산광역시,281,1712,1993,20210404
46274,3,경주여행,여행,국내여행,경상북도,179,1328,1507,20210404
46275,4,여수여행,여행,국내여행,전라남도,147,1139,1286,20210404
46276,5,전주여행,여행,국내여행,전라북도,130,1095,1225,20210404
46277,6,강릉여행,여행,국내여행,강원도,128,866,994,20210404
46278,7,남해여행,여행,국내여행,경상남도,96,596,692,20210404
46279,8,군산여행,여행,국내여행,전라북도,77,499,576,20210404
46280,9,속초여행,여행,국내여행,강원도,73,473,546,20210404
46281,10,춘천여행,여행,국내여행,강원도,63,464,527,20210404
46262,1,제주여행,여행,국내여행,제주특별자치도,254,2116,2370,20210403
46263,2,부산여행,여행,국내여행,부산광역시,192,1469,1661,20210403
46264,3,경주여행,여행,국내여행,경상북도,143,1162,1305,20210403
46265,4,전주여행,여행,국내여행,전라북도,106,986,1092,20210403
46266,5,여수여행,여행,국내여행,전라남도,128,955,1083,20210403
46267,6,강릉여행,여행,국내여행,강원도,124,671,795,20210403
46268,7,남해여행,여행,국내여행,경상남도,102,532,634,20210403
46269,8,속초여행,여행,국내여행,강원도,84,495,579,20210403
46270,9,군산여행,여행,국내여행,전라북도,61,458,519,20210403
46271,10,대구여행,여행,국내여행,대구광역시,46,413,459,20210403
46072,1,제주여행,여행,국내여행,제주특별자치도,686,2149,2835,20210315
46073,2,부산여행,여행,국내여행,부산광역시,448,1276,1724,20210315
46074,3,여수여행,여행,국내여행,전라남도,295,868,1163,20210315
46075,4,경주여행,여행,국내여행,경상북도,340,805,1145,20210315
46076,5,강릉여행,여행,국내여행,강원도,231,623,854,20210315
46077,6,전주여행,여행,국내여행,전라북도,207,477,684,20210315
46078,7,남해여행,여행,국내여행,경상남도,200,465,665,20210315
46079,8,군산여행,여행,국내여행,전라북도,169,390,559,20210315
46080,9,속초여행,여행,국내여행,강원도,181,362,543,20210315
46081,10,대구여행,여행,국내여행,대구광역시,121,328,449,20210315
46212,1,제주여행,여행,국내여행,제주특별자치도,756,2369,3125,20210329
46213,2,부산여행,여행,국내여행,부산광역시,461,1269,1730,20210329
46214,3,경주여행,여행,국내여행,경상북도,484,1118,1602,20210329
46215,4,여수여행,여행,국내여행,전라남도,272,878,1150,20210329
46216,5,강릉여행,여행,국내여행,강원도,261,666,927,20210329
46217,6,전주여행,여행,국내여행,전라북도,195,510,705,20210329
46218,7,남해여행,여행,국내여행,경상남도,200,479,679,20210329
46219,8,속초여행,여행,국내여행,강원도,182,402,584,20210329
46220,9,대구여행,여행,국내여행,대구광역시,121,384,505,20210329
46221,10,군산여행,여행,국내여행,전라북도,145,349,494,20210329
46082,1,제주여행,여행,국내여행,제주특별자치도,672,2094,2766,20210316
46083,2,부산여행,여행,국내여행,부산광역시,425,1192,1617,20210316
46084,3,여수여행,여행,국내여행,전라남도,250,889,1139,20210316
46085,4,경주여행,여행,국내여행,경상북도,315,725,1040,20210316
46086,5,강릉여행,여행,국내여행,강원도,224,533,757,20210316
46087,6,남해여행,여행,국내여행,경상남도,191,435,626,20210316
46088,7,전주여행,여행,국내여행,전라북도,200,421,621,20210316
46089,8,속초여행,여행,국내여행,강원도,152,368,520,20210316
46090,9,군산여행,여행,국내여행,전라북도,170,333,503,20210316
46091,10,대구여행,여행,국내여행,대구광역시,129,340,469,20210316
45792,1,제주여행,여행,국내여행,제주특별자치도,568,2151,2719,20210215
45793,2,부산여행,여행,국내여행,부산광역시,503,1524,2027,20210215
45794,3,경주여행,여행,국내여행,경상북도,330,854,1184,20210215
45795,4,여수여행,여행,국내여행,전라남도,282,793,1075,20210215
45796,5,강릉여행,여행,국내여행,강원도,264,780,1044,20210215
45797,6,전주여행,여행,국내여행,전라북도,182,535,717,20210215
45798,7,속초여행,여행,국내여행,강원도,185,486,671,20210215
45799,8,남해여행,여행,국내여행,경상남도,185,443,628,20210215
45800,9,군산여행,여행,국내여행,전라북도,160,415,575,20210215
45801,10,대구여행,여행,국내여행,대구광역시,104,346,450,20210215
45922,1,제주여행,여행,국내여행,제주특별자치도,169,1803,1972,20210228
45923,2,부산여행,여행,국내여행,부산광역시,163,1764,1927,20210228
45924,3,경주여행,여행,국내여행,경상북도,117,1042,1159,20210228
45925,4,여수여행,여행,국내여행,전라남도,106,1016,1122,20210228
45926,5,강릉여행,여행,국내여행,강원도,111,852,963,20210228
45927,6,군산여행,여행,국내여행,전라북도,71,848,919,20210228
45928,7,전주여행,여행,국내여행,전라북도,69,787,856,20210228
45929,8,속초여행,여행,국내여행,강원도,72,629,701,20210228
45930,9,남해여행,여행,국내여행,경상남도,78,528,606,20210228
45931,10,대구여행,여행,국내여행,대구광역시,42,538,580,20210228
46012,1,제주여행,여행,국내여행,제주특별자치도,595,1788,2383,20210309
46013,2,부산여행,여행,국내여행,부산광역시,431,1254,1685,20210309
46014,3,여수여행,여행,국내여행,전라남도,258,717,975,20210309
46015,4,경주여행,여행,국내여행,경상북도,283,676,959,20210309
46016,5,강릉여행,여행,국내여행,강원도,226,566,792,20210309
46017,6,전주여행,여행,국내여행,전라북도,162,448,610,20210309
46018,7,남해여행,여행,국내여행,경상남도,173,424,597,20210309
46019,8,속초여행,여행,국내여행,강원도,179,370,549,20210309
46020,9,군산여행,여행,국내여행,전라북도,130,372,502,20210309
46021,10,대구여행,여행,국내여행,대구광역시,142,287,429,20210309
46042,1,제주여행,여행,국내여행,제주특별자치도,544,1587,2131,20210312
46043,2,부산여행,여행,국내여행,부산광역시,389,1131,1520,20210312
46044,3,여수여행,여행,국내여행,전라남도,223,791,1014,20210312
46045,4,경주여행,여행,국내여행,경상북도,265,631,896,20210312
46046,5,강릉여행,여행,국내여행,강원도,223,543,766,20210312
46047,6,군산여행,여행,국내여행,전라북도,170,443,613,20210312
46048,7,전주여행,여행,국내여행,전라북도,162,443,605,20210312
46049,8,속초여행,여행,국내여행,강원도,166,400,566,20210312
46050,9,남해여행,여행,국내여행,경상남도,160,365,525,20210312
46051,10,춘천여행,여행,국내여행,강원도,105,357,462,20210312
45782,1,제주여행,여행,국내여행,제주특별자치도,292,2459,2751,20210214
45783,2,부산여행,여행,국내여행,부산광역시,253,1546,1799,20210214
45784,3,경주여행,여행,국내여행,경상북도,122,1059,1181,20210214
45785,4,여수여행,여행,국내여행,전라남도,114,910,1024,20210214
45786,5,강릉여행,여행,국내여행,강원도,141,817,958,20210214
45787,6,속초여행,여행,국내여행,강원도,79,594,673,20210214
45788,7,군산여행,여행,국내여행,전라북도,82,549,631,20210214
45789,8,전주여행,여행,국내여행,전라북도,96,527,623,20210214
45790,9,남해여행,여행,국내여행,경상남도,87,526,613,20210214
45791,10,대구여행,여행,국내여행,대구광역시,51,396,447,20210214
45972,1,제주여행,여행,국내여행,제주특별자치도,535,1576,2111,20210305
45973,2,부산여행,여행,국내여행,부산광역시,305,1113,1418,20210305
45974,3,여수여행,여행,국내여행,전라남도,207,631,838,20210305
45975,4,경주여행,여행,국내여행,경상북도,203,618,821,20210305
45976,5,강릉여행,여행,국내여행,강원도,181,477,658,20210305
45977,6,전주여행,여행,국내여행,전라북도,157,436,593,20210305
45978,7,군산여행,여행,국내여행,전라북도,177,412,589,20210305
45979,8,남해여행,여행,국내여행,경상남도,153,326,479,20210305
45980,9,속초여행,여행,국내여행,강원도,135,331,466,20210305
45981,10,춘천여행,여행,국내여행,강원도,117,321,438,20210305
45962,1,제주여행,여행,국내여행,제주특별자치도,478,1696,2174,20210304
45963,2,부산여행,여행,국내여행,부산광역시,368,945,1313,20210304
45964,3,여수여행,여행,국내여행,전라남도,228,612,840,20210304
45965,4,경주여행,여행,국내여행,경상북도,226,552,778,20210304
45966,5,강릉여행,여행,국내여행,강원도,200,560,760,20210304
45967,6,군산여행,여행,국내여행,전라북도,174,355,529,20210304
45968,7,남해여행,여행,국내여행,경상남도,148,364,512,20210304
45969,8,전주여행,여행,국내여행,전라북도,155,356,511,20210304
45970,9,속초여행,여행,국내여행,강원도,128,334,462,20210304
45971,10,춘천여행,여행,국내여행,강원도,110,277,387,20210304
46002,1,제주여행,여행,국내여행,제주특별자치도,617,2108,2725,20210308
46003,2,부산여행,여행,국내여행,부산광역시,389,1212,1601,20210308
46004,3,경주여행,여행,국내여행,경상북도,313,785,1098,20210308
46005,4,여수여행,여행,국내여행,전라남도,231,744,975,20210308
46006,5,강릉여행,여행,국내여행,강원도,239,615,854,20210308
46007,6,전주여행,여행,국내여행,전라북도,187,446,633,20210308
46008,7,남해여행,여행,국내여행,경상남도,161,437,598,20210308
46009,8,속초여행,여행,국내여행,강원도,166,385,551,20210308
46010,9,군산여행,여행,국내여행,전라북도,139,386,525,20210308
46011,10,대구여행,여행,국내여행,대구광역시,115,303,418,20210308
45662,1,제주여행,여행,국내여행,제주특별자치도,406,1936,2342,20210202
45663,2,부산여행,여행,국내여행,부산광역시,372,1334,1706,20210202
45664,3,강릉여행,여행,국내여행,강원도,246,666,912,20210202
45665,4,여수여행,여행,국내여행,전라남도,235,650,885,20210202
45666,5,경주여행,여행,국내여행,경상북도,211,639,850,20210202
45667,6,전주여행,여행,국내여행,전라북도,148,446,594,20210202
45668,7,속초여행,여행,국내여행,강원도,154,417,571,20210202
45669,8,군산여행,여행,국내여행,전라북도,153,366,519,20210202
45670,9,남해여행,여행,국내여행,경상남도,137,369,506,20210202
45671,10,춘천여행,여행,국내여행,강원도,119,270,389,20210202
45522,1,제주여행,여행,국내여행,제주특별자치도,391,1834,2225,20210119
45523,2,부산여행,여행,국내여행,부산광역시,281,1177,1458,20210119
45524,3,여수여행,여행,국내여행,전라남도,207,586,793,20210119
45525,4,강릉여행,여행,국내여행,강원도,183,566,749,20210119
45526,5,경주여행,여행,국내여행,경상북도,165,533,698,20210119
45527,6,속초여행,여행,국내여행,강원도,130,409,539,20210119
45528,7,전주여행,여행,국내여행,전라북도,99,383,482,20210119
45529,8,군산여행,여행,국내여행,전라북도,85,324,409,20210119
45530,9,남해여행,여행,국내여행,경상남도,116,235,351,20210119
45531,10,대구여행,여행,국내여행,대구광역시,75,238,313,20210119
45512,1,제주여행,여행,국내여행,제주특별자치도,486,1739,2225,20210118
45513,2,부산여행,여행,국내여행,부산광역시,278,1075,1353,20210118
45514,3,강릉여행,여행,국내여행,강원도,167,589,756,20210118
45515,4,여수여행,여행,국내여행,전라남도,187,504,691,20210118
45516,5,경주여행,여행,국내여행,경상북도,157,467,624,20210118
45517,6,속초여행,여행,국내여행,강원도,127,367,494,20210118
45518,7,전주여행,여행,국내여행,전라북도,96,352,448,20210118
45519,8,군산여행,여행,국내여행,전라북도,98,289,387,20210118
45520,9,남해여행,여행,국내여행,경상남도,118,250,368,20210118
45521,10,대구여행,여행,국내여행,대구광역시,71,249,320,20210118
45752,1,부산여행,여행,국내여행,부산광역시,212,1608,1820,20210211
45753,2,제주여행,여행,국내여행,제주특별자치도,146,1621,1767,20210211
45754,3,강릉여행,여행,국내여행,강원도,106,785,891,20210211
45755,4,경주여행,여행,국내여행,경상북도,107,776,883,20210211
45756,5,여수여행,여행,국내여행,전라남도,106,753,859,20210211
45757,6,속초여행,여행,국내여행,강원도,84,615,699,20210211
45758,7,군산여행,여행,국내여행,전라북도,63,481,544,20210211
45759,8,전주여행,여행,국내여행,전라북도,53,482,535,20210211
45760,9,춘천여행,여행,국내여행,강원도,47,427,474,20210211
45761,10,남해여행,여행,국내여행,경상남도,65,383,448,20210211
45832,1,제주여행,여행,국내여행,제주특별자치도,410,1691,2101,20210219
45833,2,부산여행,여행,국내여행,부산광역시,345,1338,1683,20210219
45834,3,강릉여행,여행,국내여행,강원도,258,783,1041,20210219
45835,4,경주여행,여행,국내여행,경상북도,242,741,983,20210219
45836,5,여수여행,여행,국내여행,전라남도,230,727,957,20210219
45837,6,속초여행,여행,국내여행,강원도,169,567,736,20210219
45838,7,전주여행,여행,국내여행,전라북도,170,530,700,20210219
45839,8,군산여행,여행,국내여행,전라북도,173,474,647,20210219
45840,9,남해여행,여행,국내여행,경상남도,165,402,567,20210219
45841,10,춘천여행,여행,국내여행,강원도,92,342,434,20210219
45762,1,부산여행,여행,국내여행,부산광역시,182,1733,1915,20210212
45763,2,제주여행,여행,국내여행,제주특별자치도,151,1707,1858,20210212
45764,3,여수여행,여행,국내여행,전라남도,95,888,983,20210212
45765,4,경주여행,여행,국내여행,경상북도,116,865,981,20210212
45766,5,강릉여행,여행,국내여행,강원도,97,848,945,20210212
45767,6,속초여행,여행,국내여행,강원도,73,664,737,20210212
45768,7,남해여행,여행,국내여행,경상남도,68,549,617,20210212
45769,8,전주여행,여행,국내여행,전라북도,50,556,606,20210212
45770,9,군산여행,여행,국내여행,전라북도,51,539,590,20210212
45771,10,춘천여행,여행,국내여행,강원도,38,449,487,20210212
45732,1,제주여행,여행,국내여행,제주특별자치도,397,1570,1967,20210209
45733,2,부산여행,여행,국내여행,부산광역시,314,1202,1516,20210209
45734,3,경주여행,여행,국내여행,경상북도,223,640,863,20210209
45735,4,강릉여행,여행,국내여행,강원도,227,623,850,20210209
45736,5,여수여행,여행,국내여행,전라남도,201,644,845,20210209
45737,6,속초여행,여행,국내여행,강원도,193,408,601,20210209
45738,7,군산여행,여행,국내여행,전라북도,153,409,562,20210209
45739,8,전주여행,여행,국내여행,전라북도,147,406,553,20210209
45740,9,남해여행,여행,국내여행,경상남도,154,379,533,20210209
45741,10,대구여행,여행,국내여행,대구광역시,88,253,341,20210209
45652,1,제주여행,여행,국내여행,제주특별자치도,432,1981,2413,20210201
45653,2,부산여행,여행,국내여행,부산광역시,346,1400,1746,20210201
45654,3,강릉여행,여행,국내여행,강원도,216,669,885,20210201
45655,4,여수여행,여행,국내여행,전라남도,185,658,843,20210201
45656,5,경주여행,여행,국내여행,경상북도,195,606,801,20210201
45657,6,속초여행,여행,국내여행,강원도,173,405,578,20210201
45658,7,전주여행,여행,국내여행,전라북도,142,390,532,20210201
45659,8,남해여행,여행,국내여행,경상남도,182,343,525,20210201
45660,9,군산여행,여행,국내여행,전라북도,114,362,476,20210201
45661,10,춘천여행,여행,국내여행,강원도,90,293,383,20210201
45502,1,제주여행,여행,국내여행,제주특별자치도,174,2113,2287,20210117
45503,2,부산여행,여행,국내여행,부산광역시,180,1235,1415,20210117
45504,3,강릉여행,여행,국내여행,강원도,109,673,782,20210117
45505,4,여수여행,여행,국내여행,전라남도,96,635,731,20210117
45506,5,경주여행,여행,국내여행,경상북도,81,603,684,20210117
45507,6,속초여행,여행,국내여행,강원도,47,400,447,20210117
45508,7,전주여행,여행,국내여행,전라북도,48,378,426,20210117
45509,8,군산여행,여행,국내여행,전라북도,41,377,418,20210117
45510,9,남해여행,여행,국내여행,경상남도,47,322,369,20210117
45511,10,대구여행,여행,국내여행,대구광역시,40,326,366,20210117
45692,1,제주여행,여행,국내여행,제주특별자치도,417,1922,2339,20210205
45693,2,부산여행,여행,국내여행,부산광역시,316,1278,1594,20210205
45694,3,강릉여행,여행,국내여행,강원도,216,721,937,20210205
45695,4,여수여행,여행,국내여행,전라남도,186,684,870,20210205
45696,5,경주여행,여행,국내여행,경상북도,181,566,747,20210205
45697,6,속초여행,여행,국내여행,강원도,174,469,643,20210205
45698,7,군산여행,여행,국내여행,전라북도,141,391,532,20210205
45699,8,전주여행,여행,국내여행,전라북도,133,397,530,20210205
45700,9,남해여행,여행,국내여행,경상남도,116,344,460,20210205
45701,10,춘천여행,여행,국내여행,강원도,100,334,434,20210205
45682,1,제주여행,여행,국내여행,제주특별자치도,462,1825,2287,20210204
45683,2,부산여행,여행,국내여행,부산광역시,309,1370,1679,20210204
45684,3,강릉여행,여행,국내여행,강원도,221,644,865,20210204
45685,4,여수여행,여행,국내여행,전라남도,219,593,812,20210204
45686,5,경주여행,여행,국내여행,경상북도,201,519,720,20210204
45687,6,속초여행,여행,국내여행,강원도,182,403,585,20210204
45688,7,전주여행,여행,국내여행,전라북도,145,356,501,20210204
45689,8,남해여행,여행,국내여행,경상남도,127,349,476,20210204
45690,9,군산여행,여행,국내여행,전라북도,137,305,442,20210204
45691,10,포항여행,여행,국내여행,경상북도,103,261,364,20210204
45492,1,제주여행,여행,국내여행,제주특별자치도,193,1875,2068,20210116
45493,2,부산여행,여행,국내여행,부산광역시,144,1205,1349,20210116
45494,3,강릉여행,여행,국내여행,강원도,89,617,706,20210116
45495,4,경주여행,여행,국내여행,경상북도,75,590,665,20210116
45496,5,여수여행,여행,국내여행,전라남도,85,576,661,20210116
45497,6,속초여행,여행,국내여행,강원도,65,511,576,20210116
45498,7,군산여행,여행,국내여행,전라북도,58,423,481,20210116
45499,8,전주여행,여행,국내여행,전라북도,46,400,446,20210116
45500,9,대구여행,여행,국내여행,대구광역시,45,327,372,20210116
45501,10,춘천여행,여행,국내여행,강원도,26,300,326,20210116
45182,1,제주여행,여행,국내여행,제주특별자치도,390,1667,2057,20201216
45183,2,부산여행,여행,국내여행,부산광역시,165,521,686,20201216
45184,3,여수여행,여행,국내여행,전라남도,130,414,544,20201216
45185,4,강릉여행,여행,국내여행,강원도,144,385,529,20201216
45186,5,경주여행,여행,국내여행,경상북도,121,355,476,20201216
45187,6,속초여행,여행,국내여행,강원도,103,290,393,20201216
45188,7,남해여행,여행,국내여행,경상남도,87,225,312,20201216
45189,8,포항여행,여행,국내여행,경상북도,71,175,246,20201216
45190,9,군산여행,여행,국내여행,전라북도,67,172,239,20201216
45191,10,전주여행,여행,국내여행,전라북도,65,169,234,20201216
45162,1,제주여행,여행,국내여행,제주특별자치도,306,1111,1417,20201214
45163,2,부산여행,여행,국내여행,부산광역시,201,591,792,20201214
45164,3,강릉여행,여행,국내여행,강원도,163,422,585,20201214
45165,4,여수여행,여행,국내여행,전라남도,145,437,582,20201214
45166,5,경주여행,여행,국내여행,경상북도,146,351,497,20201214
45167,6,속초여행,여행,국내여행,강원도,133,287,420,20201214
45168,7,남해여행,여행,국내여행,경상남도,100,221,321,20201214
45169,8,전주여행,여행,국내여행,전라북도,77,176,253,20201214
45170,9,군산여행,여행,국내여행,전라북도,63,187,250,20201214
45171,10,포항여행,여행,국내여행,경상북도,55,160,215,20201214
45442,1,제주여행,여행,국내여행,제주특별자치도,295,1546,1841,20210111
45443,2,부산여행,여행,국내여행,부산광역시,224,784,1008,20210111
45444,3,여수여행,여행,국내여행,전라남도,149,385,534,20210111
45445,4,강릉여행,여행,국내여행,강원도,147,358,505,20210111
45446,5,경주여행,여행,국내여행,경상북도,132,342,474,20210111
45447,6,속초여행,여행,국내여행,강원도,91,296,387,20210111
45448,7,전주여행,여행,국내여행,전라북도,59,266,325,20210111
45449,8,남해여행,여행,국내여행,경상남도,92,232,324,20210111
45450,9,군산여행,여행,국내여행,전라북도,71,218,289,20210111
45451,10,포항여행,여행,국내여행,경상북도,71,209,280,20210111
45232,1,제주여행,여행,국내여행,제주특별자치도,282,1236,1518,20201221
45233,2,부산여행,여행,국내여행,부산광역시,194,620,814,20201221
45234,3,여수여행,여행,국내여행,전라남도,154,421,575,20201221
45235,4,속초여행,여행,국내여행,강원도,148,419,567,20201221
45236,5,경주여행,여행,국내여행,경상북도,160,381,541,20201221
45237,6,강릉여행,여행,국내여행,강원도,161,355,516,20201221
45238,7,남해여행,여행,국내여행,경상남도,79,266,345,20201221
45239,8,군산여행,여행,국내여행,전라북도,66,221,287,20201221
45240,9,전주여행,여행,국내여행,전라북도,86,188,274,20201221
45241,10,통영여행,여행,국내여행,경상남도,72,191,263,20201221
45432,1,제주여행,여행,국내여행,제주특별자치도,142,1547,1689,20210110
45433,2,부산여행,여행,국내여행,부산광역시,110,859,969,20210110
45434,3,여수여행,여행,국내여행,전라남도,94,486,580,20210110
45435,4,경주여행,여행,국내여행,경상북도,77,452,529,20210110
45436,5,강릉여행,여행,국내여행,강원도,98,396,494,20210110
45437,6,군산여행,여행,국내여행,전라북도,49,286,335,20210110
45438,7,속초여행,여행,국내여행,강원도,42,292,334,20210110
45439,8,전주여행,여행,국내여행,전라북도,43,259,302,20210110
45440,9,남해여행,여행,국내여행,경상남도,44,231,275,20210110
45441,10,포항여행,여행,국내여행,경상북도,41,229,270,20210110
45402,1,제주여행,여행,국내여행,제주특별자치도,241,992,1233,20210107
45403,2,부산여행,여행,국내여행,부산광역시,171,479,650,20210107
45404,3,여수여행,여행,국내여행,전라남도,91,263,354,20210107
45405,4,강릉여행,여행,국내여행,강원도,112,238,350,20210107
45406,5,경주여행,여행,국내여행,경상북도,92,231,323,20210107
45407,6,속초여행,여행,국내여행,강원도,80,207,287,20210107
45408,7,전주여행,여행,국내여행,전라북도,69,184,253,20210107
45409,8,포항여행,여행,국내여행,경상북도,54,151,205,20210107
45410,9,군산여행,여행,국내여행,전라북도,51,148,199,20210107
45411,10,남해여행,여행,국내여행,경상남도,49,141,190,20210107
45482,1,제주여행,여행,국내여행,제주특별자치도,388,1812,2200,20210115
45483,2,부산여행,여행,국내여행,부산광역시,223,912,1135,20210115
45484,3,강릉여행,여행,국내여행,강원도,162,501,663,20210115
45485,4,경주여행,여행,국내여행,경상북도,146,501,647,20210115
45486,5,여수여행,여행,국내여행,전라남도,131,478,609,20210115
45487,6,속초여행,여행,국내여행,강원도,134,413,547,20210115
45488,7,군산여행,여행,국내여행,전라북도,107,327,434,20210115
45489,8,전주여행,여행,국내여행,전라북도,77,304,381,20210115
45490,9,대구여행,여행,국내여행,대구광역시,87,256,343,20210115
45491,10,춘천여행,여행,국내여행,강원도,82,237,319,20210115
45242,1,제주여행,여행,국내여행,제주특별자치도,311,1173,1484,20201222
45243,2,부산여행,여행,국내여행,부산광역시,197,631,828,20201222
45244,3,여수여행,여행,국내여행,전라남도,152,396,548,20201222
45245,4,경주여행,여행,국내여행,경상북도,157,375,532,20201222
45246,5,속초여행,여행,국내여행,강원도,124,402,526,20201222
45247,6,강릉여행,여행,국내여행,강원도,127,384,511,20201222
45248,7,군산여행,여행,국내여행,전라북도,87,227,314,20201222
45249,8,남해여행,여행,국내여행,경상남도,97,216,313,20201222
45250,9,전주여행,여행,국내여행,전라북도,80,188,268,20201222
45251,10,통영여행,여행,국내여행,경상남도,76,178,254,20201222
45212,1,제주여행,여행,국내여행,제주특별자치도,130,1331,1461,20201219
45213,2,부산여행,여행,국내여행,부산광역시,107,649,756,20201219
45214,3,강릉여행,여행,국내여행,강원도,84,427,511,20201219
45215,4,여수여행,여행,국내여행,전라남도,72,433,505,20201219
45216,5,경주여행,여행,국내여행,경상북도,58,370,428,20201219
45217,6,속초여행,여행,국내여행,강원도,56,338,394,20201219
45218,7,군산여행,여행,국내여행,전라북도,39,257,296,20201219
45219,8,통영여행,여행,국내여행,경상남도,41,227,268,20201219
45220,9,남해여행,여행,국내여행,경상남도,34,213,247,20201219
45221,10,전주여행,여행,국내여행,전라북도,29,209,238,20201219
44902,1,제주여행,여행,국내여행,제주특별자치도,514,1760,2274,20201118
44903,2,부산여행,여행,국내여행,부산광역시,441,1566,2007,20201118
44904,3,경주여행,여행,국내여행,경상북도,281,884,1165,20201118
44905,4,여수여행,여행,국내여행,전라남도,263,818,1081,20201118
44906,5,강릉여행,여행,국내여행,강원도,249,714,963,20201118
44907,6,군산여행,여행,국내여행,전라북도,188,466,654,20201118
44908,7,속초여행,여행,국내여행,강원도,198,442,640,20201118
44909,8,전주여행,여행,국내여행,전라북도,162,445,607,20201118
44910,9,남해여행,여행,국내여행,경상남도,202,374,576,20201118
44911,10,대구여행,여행,국내여행,대구광역시,114,338,452,20201118
45132,1,제주여행,여행,국내여행,제주특별자치도,270,1114,1384,20201211
45133,2,부산여행,여행,국내여행,부산광역시,220,705,925,20201211
45134,3,여수여행,여행,국내여행,전라남도,153,497,650,20201211
45135,4,강릉여행,여행,국내여행,강원도,166,465,631,20201211
45136,5,속초여행,여행,국내여행,강원도,157,411,568,20201211
45137,6,경주여행,여행,국내여행,경상북도,129,398,527,20201211
45138,7,남해여행,여행,국내여행,경상남도,114,254,368,20201211
45139,8,군산여행,여행,국내여행,전라북도,96,267,363,20201211
45140,9,전주여행,여행,국내여행,전라북도,86,245,331,20201211
45141,10,포항여행,여행,국내여행,경상북도,84,195,279,20201211
45172,1,제주여행,여행,국내여행,제주특별자치도,300,1832,2132,20201215
45173,2,부산여행,여행,국내여행,부산광역시,168,517,685,20201215
45174,3,여수여행,여행,국내여행,전라남도,146,417,563,20201215
45175,4,강릉여행,여행,국내여행,강원도,150,379,529,20201215
45176,5,경주여행,여행,국내여행,경상북도,139,297,436,20201215
45177,6,속초여행,여행,국내여행,강원도,117,293,410,20201215
45178,7,남해여행,여행,국내여행,경상남도,112,224,336,20201215
45179,8,군산여행,여행,국내여행,전라북도,84,198,282,20201215
45180,9,전주여행,여행,국내여행,전라북도,88,173,261,20201215
45181,10,통영여행,여행,국내여행,경상남도,62,165,227,20201215
44732,1,제주여행,여행,국내여행,제주특별자치도,282,2387,2669,20201101
44733,2,부산여행,여행,국내여행,부산광역시,219,1857,2076,20201101
44734,3,경주여행,여행,국내여행,경상북도,160,1367,1527,20201101
44735,4,여수여행,여행,국내여행,전라남도,135,1117,1252,20201101
44736,5,강릉여행,여행,국내여행,강원도,163,886,1049,20201101
44737,6,속초여행,여행,국내여행,강원도,99,684,783,20201101
44738,7,남해여행,여행,국내여행,경상남도,102,668,770,20201101
44739,8,전주여행,여행,국내여행,전라북도,93,669,762,20201101
44740,9,군산여행,여행,국내여행,전라북도,87,452,539,20201101
44741,10,통영여행,여행,국내여행,경상남도,73,383,456,20201101
44672,1,제주여행,여행,국내여행,제주특별자치도,618,2005,2623,20201026
44673,2,부산여행,여행,국내여행,부산광역시,504,1540,2044,20201026
44674,3,경주여행,여행,국내여행,경상북도,375,1122,1497,20201026
44675,4,여수여행,여행,국내여행,전라남도,282,996,1278,20201026
44676,5,강릉여행,여행,국내여행,강원도,281,859,1140,20201026
44677,6,속초여행,여행,국내여행,강원도,257,610,867,20201026
44678,7,전주여행,여행,국내여행,전라북도,212,623,835,20201026
44679,8,남해여행,여행,국내여행,경상남도,215,564,779,20201026
44680,9,군산여행,여행,국내여행,전라북도,180,484,664,20201026
44681,10,춘천여행,여행,국내여행,강원도,134,362,496,20201026
44702,1,제주여행,여행,국내여행,제주특별자치도,541,1794,2335,20201029
44703,2,부산여행,여행,국내여행,부산광역시,459,1477,1936,20201029
44704,3,경주여행,여행,국내여행,경상북도,454,1046,1500,20201029
44705,4,여수여행,여행,국내여행,전라남도,342,1016,1358,20201029
44706,5,강릉여행,여행,국내여행,강원도,256,794,1050,20201029
44707,6,속초여행,여행,국내여행,강원도,253,529,782,20201029
44708,7,전주여행,여행,국내여행,전라북도,206,574,780,20201029
44709,8,남해여행,여행,국내여행,경상남도,207,534,741,20201029
44710,9,군산여행,여행,국내여행,전라북도,173,423,596,20201029
44711,10,춘천여행,여행,국내여행,강원도,197,375,572,20201029
44512,1,제주여행,여행,국내여행,제주특별자치도,168,1822,1990,20201010
44513,2,부산여행,여행,국내여행,부산광역시,156,1521,1677,20201010
44514,3,경주여행,여행,국내여행,경상북도,161,1243,1404,20201010
44515,4,강릉여행,여행,국내여행,강원도,107,930,1037,20201010
44516,5,여수여행,여행,국내여행,전라남도,111,904,1015,20201010
44517,6,속초여행,여행,국내여행,강원도,94,826,920,20201010
44518,7,남해여행,여행,국내여행,경상남도,91,634,725,20201010
44519,8,전주여행,여행,국내여행,전라북도,67,654,721,20201010
44520,9,군산여행,여행,국내여행,전라북도,65,620,685,20201010
44521,10,울산여행,여행,국내여행,울산광역시,44,502,546,20201010
44932,1,부산여행,여행,국내여행,부산광역시,191,1613,1804,20201121
44933,2,제주여행,여행,국내여행,제주특별자치도,206,1471,1677,20201121
44934,3,경주여행,여행,국내여행,경상북도,126,878,1004,20201121
44935,4,여수여행,여행,국내여행,전라남도,120,700,820,20201121
44936,5,강릉여행,여행,국내여행,강원도,110,708,818,20201121
44937,6,속초여행,여행,국내여행,강원도,91,604,695,20201121
44938,7,전주여행,여행,국내여행,전라북도,71,488,559,20201121
44939,8,군산여행,여행,국내여행,전라북도,49,501,550,20201121
44940,9,남해여행,여행,국내여행,경상남도,58,406,464,20201121
44941,10,대구여행,여행,국내여행,대구광역시,45,375,420,20201121
44912,1,제주여행,여행,국내여행,제주특별자치도,517,1621,2138,20201119
44913,2,부산여행,여행,국내여행,부산광역시,505,1492,1997,20201119
44914,3,경주여행,여행,국내여행,경상북도,331,815,1146,20201119
44915,4,여수여행,여행,국내여행,전라남도,253,781,1034,20201119
44916,5,강릉여행,여행,국내여행,강원도,246,695,941,20201119
44917,6,전주여행,여행,국내여행,전라북도,217,470,687,20201119
44918,7,속초여행,여행,국내여행,강원도,213,472,685,20201119
44919,8,군산여행,여행,국내여행,전라북도,178,381,559,20201119
44920,9,남해여행,여행,국내여행,경상남도,152,384,536,20201119
44921,10,통영여행,여행,국내여행,경상남도,138,322,460,20201119
44942,1,부산여행,여행,국내여행,부산광역시,236,1641,1877,20201122
44943,2,제주여행,여행,국내여행,제주특별자치도,195,1655,1850,20201122
44944,3,경주여행,여행,국내여행,경상북도,138,849,987,20201122
44945,4,여수여행,여행,국내여행,전라남도,124,805,929,20201122
44946,5,강릉여행,여행,국내여행,강원도,122,750,872,20201122
44947,6,속초여행,여행,국내여행,강원도,81,537,618,20201122
44948,7,군산여행,여행,국내여행,전라북도,54,513,567,20201122
44949,8,전주여행,여행,국내여행,전라북도,70,467,537,20201122
44950,9,남해여행,여행,국내여행,경상남도,74,448,522,20201122
44951,10,통영여행,여행,국내여행,경상남도,45,360,405,20201122
45142,1,제주여행,여행,국내여행,제주특별자치도,151,1095,1246,20201212
45143,2,부산여행,여행,국내여행,부산광역시,119,709,828,20201212
45144,3,강릉여행,여행,국내여행,강원도,82,512,594,20201212
45145,4,여수여행,여행,국내여행,전라남도,78,455,533,20201212
45146,5,속초여행,여행,국내여행,강원도,62,392,454,20201212
45147,6,경주여행,여행,국내여행,경상북도,60,380,440,20201212
45148,7,군산여행,여행,국내여행,전라북도,25,311,336,20201212
45149,8,전주여행,여행,국내여행,전라북도,44,257,301,20201212
45150,9,통영여행,여행,국내여행,경상남도,35,222,257,20201212
45151,10,춘천여행,여행,국내여행,강원도,32,205,237,20201212
45112,1,제주여행,여행,국내여행,제주특별자치도,310,1232,1542,20201209
45113,2,부산여행,여행,국내여행,부산광역시,240,666,906,20201209
45114,3,강릉여행,여행,국내여행,강원도,208,551,759,20201209
45115,4,여수여행,여행,국내여행,전라남도,214,535,749,20201209
45116,5,경주여행,여행,국내여행,경상북도,166,477,643,20201209
45117,6,속초여행,여행,국내여행,강원도,140,346,486,20201209
45118,7,남해여행,여행,국내여행,경상남도,114,263,377,20201209
45119,8,군산여행,여행,국내여행,전라북도,97,256,353,20201209
45120,9,전주여행,여행,국내여행,전라북도,94,230,324,20201209
45121,10,통영여행,여행,국내여행,경상남도,91,196,287,20201209
44972,1,제주여행,여행,국내여행,제주특별자치도,338,1382,1720,20201125
44973,2,부산여행,여행,국내여행,부산광역시,344,1147,1491,20201125
44974,3,여수여행,여행,국내여행,전라남도,205,643,848,20201125
44975,4,경주여행,여행,국내여행,경상북도,233,562,795,20201125
44976,5,강릉여행,여행,국내여행,강원도,210,567,777,20201125
44977,6,속초여행,여행,국내여행,강원도,159,408,567,20201125
44978,7,군산여행,여행,국내여행,전라북도,148,362,510,20201125
44979,8,남해여행,여행,국내여행,경상남도,124,324,448,20201125
44980,9,전주여행,여행,국내여행,전라북도,115,313,428,20201125
44981,10,통영여행,여행,국내여행,경상남도,99,274,373,20201125
44872,1,부산여행,여행,국내여행,부산광역시,250,1968,2218,20201115
44873,2,제주여행,여행,국내여행,제주특별자치도,221,1903,2124,20201115
44874,3,경주여행,여행,국내여행,경상북도,167,1155,1322,20201115
44875,4,여수여행,여행,국내여행,전라남도,147,1143,1290,20201115
44876,5,강릉여행,여행,국내여행,강원도,136,990,1126,20201115
44877,6,군산여행,여행,국내여행,전라북도,80,698,778,20201115
44878,7,전주여행,여행,국내여행,전라북도,105,658,763,20201115
44879,8,속초여행,여행,국내여행,강원도,113,641,754,20201115
44880,9,남해여행,여행,국내여행,경상남도,89,587,676,20201115
44881,10,통영여행,여행,국내여행,경상남도,74,463,537,20201115
44862,1,부산여행,여행,국내여행,부산광역시,225,1973,2198,20201114
44863,2,제주여행,여행,국내여행,제주특별자치도,243,1827,2070,20201114
44864,3,경주여행,여행,국내여행,경상북도,141,1166,1307,20201114
44865,4,여수여행,여행,국내여행,전라남도,146,1139,1285,20201114
44866,5,강릉여행,여행,국내여행,강원도,148,902,1050,20201114
44867,6,속초여행,여행,국내여행,강원도,88,692,780,20201114
44868,7,전주여행,여행,국내여행,전라북도,101,607,708,20201114
44869,8,군산여행,여행,국내여행,전라북도,78,606,684,20201114
44870,9,춘천여행,여행,국내여행,강원도,51,492,543,20201114
44871,10,남해여행,여행,국내여행,경상남도,64,478,542,20201114
44842,1,부산여행,여행,국내여행,부산광역시,549,1986,2535,20201112
44843,2,제주여행,여행,국내여행,제주특별자치도,627,1800,2427,20201112
44844,3,경주여행,여행,국내여행,경상북도,360,1102,1462,20201112
44845,4,여수여행,여행,국내여행,전라남도,293,1042,1335,20201112
44846,5,강릉여행,여행,국내여행,강원도,323,763,1086,20201112
44847,6,속초여행,여행,국내여행,강원도,234,640,874,20201112
44848,7,전주여행,여행,국내여행,전라북도,203,590,793,20201112
44849,8,군산여행,여행,국내여행,전라북도,217,490,707,20201112
44850,9,남해여행,여행,국내여행,경상남도,180,477,657,20201112
44851,10,통영여행,여행,국내여행,경상남도,174,375,549,20201112
44712,1,제주여행,여행,국내여행,제주특별자치도,509,1613,2122,20201030
44713,2,부산여행,여행,국내여행,부산광역시,454,1479,1933,20201030
44714,3,경주여행,여행,국내여행,경상북도,291,1160,1451,20201030
44715,4,여수여행,여행,국내여행,전라남도,285,882,1167,20201030
44716,5,강릉여행,여행,국내여행,강원도,233,806,1039,20201030
44717,6,속초여행,여행,국내여행,강원도,201,585,786,20201030
44718,7,전주여행,여행,국내여행,전라북도,178,581,759,20201030
44719,8,남해여행,여행,국내여행,경상남도,162,512,674,20201030
44720,9,군산여행,여행,국내여행,전라북도,162,463,625,20201030
44721,10,춘천여행,여행,국내여행,강원도,112,428,540,20201030
44652,1,제주여행,여행,국내여행,제주특별자치도,237,1687,1924,20201024
44653,2,부산여행,여행,국내여행,부산광역시,180,1652,1832,20201024
44654,3,경주여행,여행,국내여행,경상북도,151,1208,1359,20201024
44655,4,여수여행,여행,국내여행,전라남도,137,1000,1137,20201024
44656,5,강릉여행,여행,국내여행,강원도,126,830,956,20201024
44657,6,속초여행,여행,국내여행,강원도,106,666,772,20201024
44658,7,남해여행,여행,국내여행,경상남도,92,628,720,20201024
44659,8,전주여행,여행,국내여행,전라북도,89,612,701,20201024
44660,9,군산여행,여행,국내여행,전라북도,56,510,566,20201024
44661,10,춘천여행,여행,국내여행,강원도,40,502,542,20201024
44562,1,제주여행,여행,국내여행,제주특별자치도,468,1792,2260,20201015
44563,2,부산여행,여행,국내여행,부산광역시,322,1330,1652,20201015
44564,3,경주여행,여행,국내여행,경상북도,311,945,1256,20201015
44565,4,여수여행,여행,국내여행,전라남도,253,732,985,20201015
44566,5,강릉여행,여행,국내여행,강원도,249,596,845,20201015
44567,6,남해여행,여행,국내여행,경상남도,195,563,758,20201015
44568,7,속초여행,여행,국내여행,강원도,194,533,727,20201015
44569,8,전주여행,여행,국내여행,전라북도,148,435,583,20201015
44570,9,군산여행,여행,국내여행,전라북도,161,399,560,20201015
44571,10,통영여행,여행,국내여행,경상남도,139,289,428,20201015
44832,1,부산여행,여행,국내여행,부산광역시,619,1955,2574,20201111
44833,2,제주여행,여행,국내여행,제주특별자치도,540,1840,2380,20201111
44834,3,경주여행,여행,국내여행,경상북도,340,949,1289,20201111
44835,4,여수여행,여행,국내여행,전라남도,288,933,1221,20201111
44836,5,강릉여행,여행,국내여행,강원도,295,801,1096,20201111
44837,6,속초여행,여행,국내여행,강원도,216,603,819,20201111
44838,7,전주여행,여행,국내여행,전라북도,193,514,707,20201111
44839,8,남해여행,여행,국내여행,경상남도,224,455,679,20201111
44840,9,군산여행,여행,국내여행,전라북도,186,453,639,20201111
44841,10,춘천여행,여행,국내여행,강원도,141,354,495,20201111
44462,1,제주여행,여행,국내여행,제주특별자치도,412,1748,2160,20201005
44463,2,부산여행,여행,국내여행,부산광역시,368,1314,1682,20201005
44464,3,경주여행,여행,국내여행,경상북도,381,1271,1652,20201005
44465,4,여수여행,여행,국내여행,전라남도,270,794,1064,20201005
44466,5,강릉여행,여행,국내여행,강원도,274,680,954,20201005
44467,6,남해여행,여행,국내여행,경상남도,207,534,741,20201005
44468,7,전주여행,여행,국내여행,전라북도,219,487,706,20201005
44469,8,속초여행,여행,국내여행,강원도,216,473,689,20201005
44470,9,군산여행,여행,국내여행,전라북도,180,430,610,20201005
44471,10,춘천여행,여행,국내여행,강원도,123,344,467,20201005
44492,1,제주여행,여행,국내여행,제주특별자치도,359,1695,2054,20201008
44493,2,부산여행,여행,국내여행,부산광역시,384,1473,1857,20201008
44494,3,경주여행,여행,국내여행,경상북도,464,1227,1691,20201008
44495,4,여수여행,여행,국내여행,전라남도,262,859,1121,20201008
44496,5,강릉여행,여행,국내여행,강원도,283,780,1063,20201008
44497,6,속초여행,여행,국내여행,강원도,236,702,938,20201008
44498,7,전주여행,여행,국내여행,전라북도,222,603,825,20201008
44499,8,군산여행,여행,국내여행,전라북도,216,577,793,20201008
44500,9,남해여행,여행,국내여행,경상남도,208,541,749,20201008
44501,10,춘천여행,여행,국내여행,강원도,177,515,692,20201008
44302,1,부산여행,여행,국내여행,부산광역시,166,1185,1351,20200919
44303,2,제주여행,여행,국내여행,제주특별자치도,150,1190,1340,20200919
44304,3,경주여행,여행,국내여행,경상북도,122,777,899,20200919
44305,4,여수여행,여행,국내여행,전라남도,119,740,859,20200919
44306,5,강릉여행,여행,국내여행,강원도,95,739,834,20200919
44307,6,속초여행,여행,국내여행,강원도,78,532,610,20200919
44308,7,전주여행,여행,국내여행,전라북도,69,522,591,20200919
44309,8,남해여행,여행,국내여행,경상남도,76,506,582,20200919
44310,9,군산여행,여행,국내여행,전라북도,64,511,575,20200919
44311,10,하동여행,여행,국내여행,경상남도,39,475,514,20200919
44282,1,제주여행,여행,국내여행,제주특별자치도,367,1548,1915,20200917
44283,2,부산여행,여행,국내여행,부산광역시,313,1006,1319,20200917
44284,3,경주여행,여행,국내여행,경상북도,286,660,946,20200917
44285,4,여수여행,여행,국내여행,전라남도,250,641,891,20200917
44286,5,강릉여행,여행,국내여행,강원도,247,624,871,20200917
44287,6,전주여행,여행,국내여행,전라북도,151,449,600,20200917
44288,7,속초여행,여행,국내여행,강원도,172,392,564,20200917
44289,8,남해여행,여행,국내여행,경상남도,188,367,555,20200917
44290,9,군산여행,여행,국내여행,전라북도,147,396,543,20200917
44291,10,춘천여행,여행,국내여행,강원도,106,289,395,20200917
44112,1,제주여행,여행,국내여행,제주특별자치도,378,1430,1808,20200831
44113,2,부산여행,여행,국내여행,부산광역시,223,683,906,20200831
44114,3,여수여행,여행,국내여행,전라남도,165,505,670,20200831
44115,4,강릉여행,여행,국내여행,강원도,136,521,657,20200831
44116,5,경주여행,여행,국내여행,경상북도,150,410,560,20200831
44117,6,속초여행,여행,국내여행,강원도,107,392,499,20200831
44118,7,남해여행,여행,국내여행,경상남도,85,334,419,20200831
44119,8,군산여행,여행,국내여행,전라북도,60,233,293,20200831
44120,9,통영여행,여행,국내여행,경상남도,89,199,288,20200831
44121,10,전주여행,여행,국내여행,전라북도,67,219,286,20200831
44222,1,제주여행,여행,국내여행,제주특별자치도,367,1281,1648,20200911
44223,2,부산여행,여행,국내여행,부산광역시,227,948,1175,20200911
44224,3,경주여행,여행,국내여행,경상북도,213,630,843,20200911
44225,4,강릉여행,여행,국내여행,강원도,189,602,791,20200911
44226,5,여수여행,여행,국내여행,전라남도,192,595,787,20200911
44227,6,속초여행,여행,국내여행,강원도,156,445,601,20200911
44228,7,전주여행,여행,국내여행,전라북도,116,417,533,20200911
44229,8,남해여행,여행,국내여행,경상남도,122,410,532,20200911
44230,9,군산여행,여행,국내여행,전라북도,108,324,432,20200911
44231,10,춘천여행,여행,국내여행,강원도,102,326,428,20200911
44382,1,제주여행,여행,국내여행,제주특별자치도,169,1592,1761,20200927
44383,2,부산여행,여행,국내여행,부산광역시,173,1254,1427,20200927
44384,3,경주여행,여행,국내여행,경상북도,142,946,1088,20200927
44385,4,여수여행,여행,국내여행,전라남도,123,899,1022,20200927
44386,5,강릉여행,여행,국내여행,강원도,132,768,900,20200927
44387,6,속초여행,여행,국내여행,강원도,97,576,673,20200927
44388,7,남해여행,여행,국내여행,경상남도,90,583,673,20200927
44389,8,전주여행,여행,국내여행,전라북도,77,491,568,20200927
44390,9,군산여행,여행,국내여행,전라북도,64,442,506,20200927
44391,10,춘천여행,여행,국내여행,강원도,51,395,446,20200927
44412,1,부산여행,여행,국내여행,부산광역시,136,1276,1412,20200930
44413,2,제주여행,여행,국내여행,제주특별자치도,138,1269,1407,20200930
44414,3,경주여행,여행,국내여행,경상북도,98,934,1032,20200930
44415,4,여수여행,여행,국내여행,전라남도,94,793,887,20200930
44416,5,강릉여행,여행,국내여행,강원도,94,724,818,20200930
44417,6,속초여행,여행,국내여행,강원도,72,586,658,20200930
44418,7,남해여행,여행,국내여행,경상남도,74,534,608,20200930
44419,8,전주여행,여행,국내여행,전라북도,52,464,516,20200930
44420,9,군산여행,여행,국내여행,전라북도,55,435,490,20200930
44421,10,춘천여행,여행,국내여행,강원도,53,378,431,20200930
44162,1,제주여행,여행,국내여행,제주특별자치도,142,1302,1444,20200905
44163,2,부산여행,여행,국내여행,부산광역시,115,711,826,20200905
44164,3,강릉여행,여행,국내여행,강원도,87,578,665,20200905
44165,4,경주여행,여행,국내여행,경상북도,66,528,594,20200905
44166,5,여수여행,여행,국내여행,전라남도,83,505,588,20200905
44167,6,속초여행,여행,국내여행,강원도,54,472,526,20200905
44168,7,춘천여행,여행,국내여행,강원도,27,416,443,20200905
44169,8,군산여행,여행,국내여행,전라북도,52,367,419,20200905
44170,9,남해여행,여행,국내여행,경상남도,52,345,397,20200905
44171,10,전주여행,여행,국내여행,전라북도,37,348,385,20200905
44242,1,제주여행,여행,국내여행,제주특별자치도,185,1517,1702,20200913
44243,2,부산여행,여행,국내여행,부산광역시,171,1129,1300,20200913
44244,3,경주여행,여행,국내여행,경상북도,110,884,994,20200913
44245,4,강릉여행,여행,국내여행,강원도,132,723,855,20200913
44246,5,여수여행,여행,국내여행,전라남도,107,696,803,20200913
44247,6,남해여행,여행,국내여행,경상남도,83,571,654,20200913
44248,7,전주여행,여행,국내여행,전라북도,64,537,601,20200913
44249,8,속초여행,여행,국내여행,강원도,63,520,583,20200913
44250,9,군산여행,여행,국내여행,전라북도,50,447,497,20200913
44251,10,춘천여행,여행,국내여행,강원도,50,401,451,20200913
44102,1,제주여행,여행,국내여행,제주특별자치도,161,1670,1831,20200830
44103,2,부산여행,여행,국내여행,부산광역시,113,897,1010,20200830
44104,3,강릉여행,여행,국내여행,강원도,78,573,651,20200830
44105,4,경주여행,여행,국내여행,경상북도,79,559,638,20200830
44106,5,여수여행,여행,국내여행,전라남도,67,531,598,20200830
44107,6,속초여행,여행,국내여행,강원도,64,456,520,20200830
44108,7,남해여행,여행,국내여행,경상남도,74,427,501,20200830
44109,8,통영여행,여행,국내여행,경상남도,46,282,328,20200830
44110,9,울산여행,여행,국내여행,울산광역시,41,281,322,20200830
44111,10,군산여행,여행,국내여행,전라북도,47,254,301,20200830
48432,1,부산여행,여행,국내여행,부산광역시,313,2007,2320,20211106
48433,2,제주여행,여행,국내여행,제주특별자치도,187,1552,1739,20211106
48434,3,경주여행,여행,국내여행,경상북도,173,1433,1606,20211106
48435,4,여수여행,여행,국내여행,전라남도,117,1180,1297,20211106
48436,5,강릉여행,여행,국내여행,강원도,114,924,1038,20211106
48437,6,전주여행,여행,국내여행,전라북도,79,750,829,20211106
48438,7,속초여행,여행,국내여행,강원도,92,587,679,20211106
48439,8,군산여행,여행,국내여행,전라북도,57,611,668,20211106
48440,9,대구여행,여행,국내여행,대구광역시,81,537,618,20211106
48441,10,춘천여행,여행,국내여행,강원도,60,549,609,20211106
48532,1,부산여행,여행,국내여행,부산광역시,840,2164,3004,20211116
48533,2,제주여행,여행,국내여행,제주특별자치도,581,1726,2307,20211116
48534,3,경주여행,여행,국내여행,경상북도,461,1254,1715,20211116
48535,4,여수여행,여행,국내여행,전라남도,416,1188,1604,20211116
48536,5,강릉여행,여행,국내여행,강원도,309,984,1293,20211116
48537,6,전주여행,여행,국내여행,전라북도,216,650,866,20211116
48538,7,군산여행,여행,국내여행,전라북도,200,542,742,20211116
48539,8,속초여행,여행,국내여행,강원도,223,515,738,20211116
48540,9,대구여행,여행,국내여행,대구광역시,181,436,617,20211116
48541,10,포항여행,여행,국내여행,경상북도,181,431,612,20211116
48512,1,부산여행,여행,국내여행,부산광역시,409,2597,3006,20211114
48513,2,제주여행,여행,국내여행,제주특별자치도,234,2080,2314,20211114
48514,3,경주여행,여행,국내여행,경상북도,158,1500,1658,20211114
48515,4,여수여행,여행,국내여행,전라남도,176,1271,1447,20211114
48516,5,강릉여행,여행,국내여행,강원도,150,1169,1319,20211114
48517,6,전주여행,여행,국내여행,전라북도,98,760,858,20211114
48518,7,군산여행,여행,국내여행,전라북도,83,674,757,20211114
48519,8,속초여행,여행,국내여행,강원도,88,663,751,20211114
48520,9,대구여행,여행,국내여행,대구광역시,72,625,697,20211114
48521,10,남해여행,여행,국내여행,경상남도,91,581,672,20211114
48612,1,부산여행,여행,국내여행,부산광역시,705,1874,2579,20211124
48613,2,제주여행,여행,국내여행,제주특별자치도,491,1611,2102,20211124
48614,3,강릉여행,여행,국내여행,강원도,302,928,1230,20211124
48615,4,경주여행,여행,국내여행,경상북도,283,941,1224,20211124
48616,5,여수여행,여행,국내여행,전라남도,262,901,1163,20211124
48617,6,전주여행,여행,국내여행,전라북도,206,539,745,20211124
48618,7,속초여행,여행,국내여행,강원도,182,559,741,20211124
48619,8,군산여행,여행,국내여행,전라북도,178,437,615,20211124
48620,9,포항여행,여행,국내여행,경상북도,165,438,603,20211124
48621,10,남해여행,여행,국내여행,경상남도,169,424,593,20211124
48602,1,부산여행,여행,국내여행,부산광역시,721,1939,2660,20211123
48603,2,제주여행,여행,국내여행,제주특별자치도,495,1721,2216,20211123
48604,3,경주여행,여행,국내여행,경상북도,333,936,1269,20211123
48605,4,여수여행,여행,국내여행,전라남도,339,908,1247,20211123
48606,5,강릉여행,여행,국내여행,강원도,331,906,1237,20211123
48607,6,전주여행,여행,국내여행,전라북도,217,553,770,20211123
48608,7,속초여행,여행,국내여행,강원도,194,501,695,20211123
48609,8,대구여행,여행,국내여행,대구광역시,163,442,605,20211123
48610,9,군산여행,여행,국내여행,전라북도,173,428,601,20211123
48611,10,포항여행,여행,국내여행,경상북도,162,408,570,20211123
48492,1,부산여행,여행,국내여행,부산광역시,579,1874,2453,20211112
48493,2,제주여행,여행,국내여행,제주특별자치도,418,1527,1945,20211112
48494,3,경주여행,여행,국내여행,경상북도,391,1157,1548,20211112
48495,4,여수여행,여행,국내여행,전라남도,333,995,1328,20211112
48496,5,강릉여행,여행,국내여행,강원도,263,957,1220,20211112
48497,6,전주여행,여행,국내여행,전라북도,201,663,864,20211112
48498,7,속초여행,여행,국내여행,강원도,177,559,736,20211112
48499,8,군산여행,여행,국내여행,전라북도,178,558,736,20211112
48500,9,대구여행,여행,국내여행,대구광역시,151,421,572,20211112
48501,10,포항여행,여행,국내여행,경상북도,137,432,569,20211112
48462,1,부산여행,여행,국내여행,부산광역시,840,1919,2759,20211109
48463,2,제주여행,여행,국내여행,제주특별자치도,566,1859,2425,20211109
48464,3,경주여행,여행,국내여행,경상북도,501,1226,1727,20211109
48465,4,여수여행,여행,국내여행,전라남도,355,1157,1512,20211109
48466,5,강릉여행,여행,국내여행,강원도,318,940,1258,20211109
48467,6,전주여행,여행,국내여행,전라북도,215,656,871,20211109
48468,7,속초여행,여행,국내여행,강원도,207,562,769,20211109
48469,8,군산여행,여행,국내여행,전라북도,216,500,716,20211109
48470,9,대구여행,여행,국내여행,대구광역시,151,487,638,20211109
48471,10,남해여행,여행,국내여행,경상남도,168,445,613,20211109
48452,1,부산여행,여행,국내여행,부산광역시,836,2026,2862,20211108
48453,2,제주여행,여행,국내여행,제주특별자치도,669,2155,2824,20211108
48454,3,경주여행,여행,국내여행,경상북도,523,1259,1782,20211108
48455,4,여수여행,여행,국내여행,전라남도,406,1262,1668,20211108
48456,5,강릉여행,여행,국내여행,강원도,310,929,1239,20211108
48457,6,전주여행,여행,국내여행,전라북도,257,714,971,20211108
48458,7,속초여행,여행,국내여행,강원도,219,559,778,20211108
48459,8,군산여행,여행,국내여행,전라북도,175,509,684,20211108
48460,9,대구여행,여행,국내여행,대구광역시,185,489,674,20211108
48461,10,남해여행,여행,국내여행,경상남도,202,455,657,20211108
48522,1,부산여행,여행,국내여행,부산광역시,880,2215,3095,20211115
48523,2,제주여행,여행,국내여행,제주특별자치도,645,1729,2374,20211115
48524,3,경주여행,여행,국내여행,경상북도,506,1262,1768,20211115
48525,4,여수여행,여행,국내여행,전라남도,409,1145,1554,20211115
48526,5,강릉여행,여행,국내여행,강원도,323,1015,1338,20211115
48527,6,전주여행,여행,국내여행,전라북도,221,656,877,20211115
48528,7,속초여행,여행,국내여행,강원도,228,540,768,20211115
48529,8,군산여행,여행,국내여행,전라북도,213,549,762,20211115
48530,9,대구여행,여행,국내여행,대구광역시,183,522,705,20211115
48531,10,남해여행,여행,국내여행,경상남도,164,477,641,20211115
48282,1,부산여행,여행,국내여행,부산광역시,516,1680,2196,20211022
48283,2,제주여행,여행,국내여행,제주특별자치도,510,1598,2108,20211022
48284,3,경주여행,여행,국내여행,경상북도,446,1451,1897,20211022
48285,4,여수여행,여행,국내여행,전라남도,260,1140,1400,20211022
48286,5,강릉여행,여행,국내여행,강원도,231,811,1042,20211022
48287,6,전주여행,여행,국내여행,전라북도,191,651,842,20211022
48288,7,속초여행,여행,국내여행,강원도,180,603,783,20211022
48289,8,대구여행,여행,국내여행,대구광역시,150,574,724,20211022
48290,9,군산여행,여행,국내여행,전라북도,164,559,723,20211022
48291,10,춘천여행,여행,국내여행,강원도,146,444,590,20211022
48252,1,제주여행,여행,국내여행,제주특별자치도,624,1811,2435,20211019
48253,2,부산여행,여행,국내여행,부산광역시,433,1434,1867,20211019
48254,3,경주여행,여행,국내여행,경상북도,514,1273,1787,20211019
48255,4,여수여행,여행,국내여행,전라남도,378,964,1342,20211019
48256,5,강릉여행,여행,국내여행,강원도,243,668,911,20211019
48257,6,전주여행,여행,국내여행,전라북도,208,574,782,20211019
48258,7,군산여행,여행,국내여행,전라북도,164,487,651,20211019
48259,8,속초여행,여행,국내여행,강원도,176,447,623,20211019
48260,9,남해여행,여행,국내여행,경상남도,176,411,587,20211019
48261,10,포항여행,여행,국내여행,경상북도,177,405,582,20211019
48422,1,부산여행,여행,국내여행,부산광역시,597,1900,2497,20211105
48423,2,제주여행,여행,국내여행,제주특별자치도,451,1512,1963,20211105
48424,3,경주여행,여행,국내여행,경상북도,418,1168,1586,20211105
48425,4,여수여행,여행,국내여행,전라남도,304,1117,1421,20211105
48426,5,강릉여행,여행,국내여행,강원도,268,897,1165,20211105
48427,6,전주여행,여행,국내여행,전라북도,193,631,824,20211105
48428,7,속초여행,여행,국내여행,강원도,193,568,761,20211105
48429,8,군산여행,여행,국내여행,전라북도,184,546,730,20211105
48430,9,춘천여행,여행,국내여행,강원도,157,461,618,20211105
48431,10,남해여행,여행,국내여행,경상남도,170,420,590,20211105
48292,1,부산여행,여행,국내여행,부산광역시,213,1781,1994,20211023
48293,2,경주여행,여행,국내여행,경상북도,187,1586,1773,20211023
48294,3,제주여행,여행,국내여행,제주특별자치도,262,1493,1755,20211023
48295,4,여수여행,여행,국내여행,전라남도,144,1156,1300,20211023
48296,5,강릉여행,여행,국내여행,강원도,108,922,1030,20211023
48297,6,전주여행,여행,국내여행,전라북도,95,785,880,20211023
48298,7,군산여행,여행,국내여행,전라북도,46,694,740,20211023
48299,8,속초여행,여행,국내여행,강원도,79,621,700,20211023
48300,9,대구여행,여행,국내여행,대구광역시,66,561,627,20211023
48301,10,포항여행,여행,국내여행,경상북도,68,536,604,20211023
48332,1,제주여행,여행,국내여행,제주특별자치도,567,1693,2260,20211027
48333,2,부산여행,여행,국내여행,부산광역시,460,1540,2000,20211027
48334,3,경주여행,여행,국내여행,경상북도,516,1460,1976,20211027
48335,4,여수여행,여행,국내여행,전라남도,318,1132,1450,20211027
48336,5,강릉여행,여행,국내여행,강원도,222,801,1023,20211027
48337,6,전주여행,여행,국내여행,전라북도,240,641,881,20211027
48338,7,속초여행,여행,국내여행,강원도,202,576,778,20211027
48339,8,대구여행,여행,국내여행,대구광역시,169,550,719,20211027
48340,9,군산여행,여행,국내여행,전라북도,200,505,705,20211027
48341,10,남해여행,여행,국내여행,경상남도,162,452,614,20211027
48382,1,부산여행,여행,국내여행,부산광역시,716,2286,3002,20211101
48383,2,제주여행,여행,국내여행,제주특별자치도,632,1988,2620,20211101
48384,3,경주여행,여행,국내여행,경상북도,560,1686,2246,20211101
48385,4,여수여행,여행,국내여행,전라남도,379,1204,1583,20211101
48386,5,강릉여행,여행,국내여행,강원도,268,884,1152,20211101
48387,6,전주여행,여행,국내여행,전라북도,230,707,937,20211101
48388,7,군산여행,여행,국내여행,전라북도,188,547,735,20211101
48389,8,속초여행,여행,국내여행,강원도,196,535,731,20211101
48390,9,포항여행,여행,국내여행,경상북도,162,562,724,20211101
48391,10,대구여행,여행,국내여행,대구광역시,147,539,686,20211101
48212,1,제주여행,여행,국내여행,제주특별자치도,423,1558,1981,20211015
48213,2,경주여행,여행,국내여행,경상북도,371,1374,1745,20211015
48214,3,부산여행,여행,국내여행,부산광역시,379,1349,1728,20211015
48215,4,여수여행,여행,국내여행,전라남도,292,945,1237,20211015
48216,5,강릉여행,여행,국내여행,강원도,220,712,932,20211015
48217,6,전주여행,여행,국내여행,전라북도,183,631,814,20211015
48218,7,속초여행,여행,국내여행,강원도,173,519,692,20211015
48219,8,군산여행,여행,국내여행,전라북도,156,498,654,20211015
48220,9,포항여행,여행,국내여행,경상북도,142,426,568,20211015
48221,10,춘천여행,여행,국내여행,강원도,132,400,532,20211015
48262,1,제주여행,여행,국내여행,제주특별자치도,458,1781,2239,20211020
48263,2,부산여행,여행,국내여행,부산광역시,445,1434,1879,20211020
48264,3,경주여행,여행,국내여행,경상북도,408,1225,1633,20211020
48265,4,여수여행,여행,국내여행,전라남도,270,979,1249,20211020
48266,5,강릉여행,여행,국내여행,강원도,260,605,865,20211020
48267,6,전주여행,여행,국내여행,전라북도,208,584,792,20211020
48268,7,속초여행,여행,국내여행,강원도,185,499,684,20211020
48269,8,남해여행,여행,국내여행,경상남도,164,496,660,20211020
48270,9,군산여행,여행,국내여행,전라북도,172,427,599,20211020
48271,10,대구여행,여행,국내여행,대구광역시,149,444,593,20211020
48202,1,제주여행,여행,국내여행,제주특별자치도,517,1646,2163,20211014
48203,2,경주여행,여행,국내여행,경상북도,544,1409,1953,20211014
48204,3,부산여행,여행,국내여행,부산광역시,400,1539,1939,20211014
48205,4,여수여행,여행,국내여행,전라남도,363,1028,1391,20211014
48206,5,강릉여행,여행,국내여행,강원도,257,777,1034,20211014
48207,6,전주여행,여행,국내여행,전라북도,191,657,848,20211014
48208,7,속초여행,여행,국내여행,강원도,195,470,665,20211014
48209,8,군산여행,여행,국내여행,전라북도,151,449,600,20211014
48210,9,대구여행,여행,국내여행,대구광역시,157,431,588,20211014
48211,10,남해여행,여행,국내여행,경상남도,174,386,560,20211014
48322,1,제주여행,여행,국내여행,제주특별자치도,627,2059,2686,20211026
48323,2,부산여행,여행,국내여행,부산광역시,581,1647,2228,20211026
48324,3,경주여행,여행,국내여행,경상북도,588,1453,2041,20211026
48325,4,여수여행,여행,국내여행,전라남도,313,1118,1431,20211026
48326,5,강릉여행,여행,국내여행,강원도,266,756,1022,20211026
48327,6,전주여행,여행,국내여행,전라북도,222,616,838,20211026
48328,7,속초여행,여행,국내여행,강원도,218,587,805,20211026
48329,8,군산여행,여행,국내여행,전라북도,195,562,757,20211026
48330,9,남해여행,여행,국내여행,경상남도,189,453,642,20211026
48331,10,대구여행,여행,국내여행,대구광역시,179,427,606,20211026
48182,1,제주여행,여행,국내여행,제주특별자치도,589,2009,2598,20211012
48183,2,부산여행,여행,국내여행,부산광역시,495,1511,2006,20211012
48184,3,경주여행,여행,국내여행,경상북도,534,1403,1937,20211012
48185,4,여수여행,여행,국내여행,전라남도,353,1103,1456,20211012
48186,5,강릉여행,여행,국내여행,강원도,218,718,936,20211012
48187,6,전주여행,여행,국내여행,전라북도,245,609,854,20211012
48188,7,속초여행,여행,국내여행,강원도,184,511,695,20211012
48189,8,군산여행,여행,국내여행,전라북도,163,463,626,20211012
48190,9,남해여행,여행,국내여행,경상남도,164,459,623,20211012
48191,10,포항여행,여행,국내여행,경상북도,151,390,541,20211012
47842,1,경주여행,여행,국내여행,경상북도,544,1406,1950,20210908
47843,2,제주여행,여행,국내여행,제주특별자치도,451,1418,1869,20210908
47844,3,부산여행,여행,국내여행,부산광역시,424,1342,1766,20210908
47845,4,여수여행,여행,국내여행,전라남도,315,917,1232,20210908
47846,5,강릉여행,여행,국내여행,강원도,282,564,846,20210908
47847,6,전주여행,여행,국내여행,전라북도,186,576,762,20210908
47848,7,속초여행,여행,국내여행,강원도,183,488,671,20210908
47849,8,남해여행,여행,국내여행,경상남도,189,421,610,20210908
47850,9,군산여행,여행,국내여행,전라북도,155,412,567,20210908
47851,10,대구여행,여행,국내여행,대구광역시,148,322,470,20210908
47822,1,경주여행,여행,국내여행,경상북도,545,1436,1981,20210906
47823,2,제주여행,여행,국내여행,제주특별자치도,497,1435,1932,20210906
47824,3,부산여행,여행,국내여행,부산광역시,405,1282,1687,20210906
47825,4,여수여행,여행,국내여행,전라남도,379,1021,1400,20210906
47826,5,강릉여행,여행,국내여행,강원도,270,697,967,20210906
47827,6,전주여행,여행,국내여행,전라북도,190,599,789,20210906
47828,7,속초여행,여행,국내여행,강원도,189,510,699,20210906
47829,8,군산여행,여행,국내여행,전라북도,175,481,656,20210906
47830,9,남해여행,여행,국내여행,경상남도,198,450,648,20210906
47831,10,대구여행,여행,국내여행,대구광역시,145,387,532,20210906
47912,1,제주여행,여행,국내여행,제주특별자치도,454,1480,1934,20210915
47913,2,경주여행,여행,국내여행,경상북도,543,1297,1840,20210915
47914,3,부산여행,여행,국내여행,부산광역시,389,1139,1528,20210915
47915,4,여수여행,여행,국내여행,전라남도,314,907,1221,20210915
47916,5,강릉여행,여행,국내여행,강원도,218,645,863,20210915
47917,6,전주여행,여행,국내여행,전라북도,203,589,792,20210915
47918,7,군산여행,여행,국내여행,전라북도,174,462,636,20210915
47919,8,속초여행,여행,국내여행,강원도,168,467,635,20210915
47920,9,남해여행,여행,국내여행,경상남도,165,430,595,20210915
47921,10,대구여행,여행,국내여행,대구광역시,147,342,489,20210915
47722,1,경주여행,여행,국내여행,경상북도,405,1339,1744,20210827
47723,2,제주여행,여행,국내여행,제주특별자치도,289,1115,1404,20210827
47724,3,부산여행,여행,국내여행,부산광역시,275,1027,1302,20210827
47725,4,여수여행,여행,국내여행,전라남도,282,906,1188,20210827
47726,5,강릉여행,여행,국내여행,강원도,239,721,960,20210827
47727,6,속초여행,여행,국내여행,강원도,157,554,711,20210827
47728,7,전주여행,여행,국내여행,전라북도,146,486,632,20210827
47729,8,군산여행,여행,국내여행,전라북도,151,471,622,20210827
47730,9,남해여행,여행,국내여행,경상남도,177,408,585,20210827
47731,10,춘천여행,여행,국내여행,강원도,149,363,512,20210827
47872,1,경주여행,여행,국내여행,경상북도,174,1570,1744,20210911
47873,2,부산여행,여행,국내여행,부산광역시,188,1478,1666,20210911
47874,3,제주여행,여행,국내여행,제주특별자치도,162,1353,1515,20210911
47875,4,여수여행,여행,국내여행,전라남도,139,1064,1203,20210911
47876,5,강릉여행,여행,국내여행,강원도,120,802,922,20210911
47877,6,전주여행,여행,국내여행,전라북도,101,698,799,20210911
47878,7,군산여행,여행,국내여행,전라북도,91,694,785,20210911
47879,8,속초여행,여행,국내여행,강원도,83,592,675,20210911
47880,9,남해여행,여행,국내여행,경상남도,62,505,567,20210911
47881,10,춘천여행,여행,국내여행,강원도,58,454,512,20210911
48152,1,부산여행,여행,국내여행,부산광역시,272,2452,2724,20211009
48153,2,경주여행,여행,국내여행,경상북도,187,2226,2413,20211009
48154,3,제주여행,여행,국내여행,제주특별자치도,216,1970,2186,20211009
48155,4,여수여행,여행,국내여행,전라남도,148,1750,1898,20211009
48156,5,강릉여행,여행,국내여행,강원도,136,1245,1381,20211009
48157,6,군산여행,여행,국내여행,전라북도,102,1231,1333,20211009
48158,7,전주여행,여행,국내여행,전라북도,99,1117,1216,20211009
48159,8,속초여행,여행,국내여행,강원도,108,894,1002,20211009
48160,9,춘천여행,여행,국내여행,강원도,84,893,977,20211009
48161,10,대구여행,여행,국내여행,대구광역시,71,868,939,20211009
48142,1,부산여행,여행,국내여행,부산광역시,656,2100,2756,20211008
48143,2,경주여행,여행,국내여행,경상북도,590,1658,2248,20211008
48144,3,제주여행,여행,국내여행,제주특별자치도,426,1718,2144,20211008
48145,4,여수여행,여행,국내여행,전라남도,370,1364,1734,20211008
48146,5,강릉여행,여행,국내여행,강원도,329,1008,1337,20211008
48147,6,전주여행,여행,국내여행,전라북도,278,905,1183,20211008
48148,7,군산여행,여행,국내여행,전라북도,260,856,1116,20211008
48149,8,속초여행,여행,국내여행,강원도,231,673,904,20211008
48150,9,대구여행,여행,국내여행,대구광역시,188,695,883,20211008
48151,10,포항여행,여행,국내여행,경상북도,181,575,756,20211008
48122,1,제주여행,여행,국내여행,제주특별자치도,596,1957,2553,20211006
48123,2,부산여행,여행,국내여행,부산광역시,581,1759,2340,20211006
48124,3,경주여행,여행,국내여행,경상북도,623,1642,2265,20211006
48125,4,여수여행,여행,국내여행,전라남도,404,1262,1666,20211006
48126,5,강릉여행,여행,국내여행,강원도,283,843,1126,20211006
48127,6,전주여행,여행,국내여행,전라북도,256,790,1046,20211006
48128,7,군산여행,여행,국내여행,전라북도,209,743,952,20211006
48129,8,속초여행,여행,국내여행,강원도,205,606,811,20211006
48130,9,포항여행,여행,국내여행,경상북도,196,532,728,20211006
48131,10,남해여행,여행,국내여행,경상남도,227,490,717,20211006
48102,1,제주여행,여행,국내여행,제주특별자치도,415,2476,2891,20211004
48103,2,부산여행,여행,국내여행,부산광역시,370,2329,2699,20211004
48104,3,경주여행,여행,국내여행,경상북도,402,2094,2496,20211004
48105,4,여수여행,여행,국내여행,전라남도,266,1616,1882,20211004
48106,5,강릉여행,여행,국내여행,강원도,182,1048,1230,20211004
48107,6,전주여행,여행,국내여행,전라북도,137,1042,1179,20211004
48108,7,군산여행,여행,국내여행,전라북도,142,1010,1152,20211004
48109,8,남해여행,여행,국내여행,경상남도,138,760,898,20211004
48110,9,포항여행,여행,국내여행,경상북도,140,752,892,20211004
48111,10,대구여행,여행,국내여행,대구광역시,99,734,833,20211004
48112,1,제주여행,여행,국내여행,제주특별자치도,602,2064,2666,20211005
48113,2,부산여행,여행,국내여행,부산광역시,742,1847,2589,20211005
48114,3,경주여행,여행,국내여행,경상북도,654,1774,2428,20211005
48115,4,여수여행,여행,국내여행,전라남도,477,1363,1840,20211005
48116,5,강릉여행,여행,국내여행,강원도,358,1001,1359,20211005
48117,6,전주여행,여행,국내여행,전라북도,270,894,1164,20211005
48118,7,군산여행,여행,국내여행,전라북도,241,746,987,20211005
48119,8,속초여행,여행,국내여행,강원도,201,654,855,20211005
48120,9,포항여행,여행,국내여행,경상북도,210,635,845,20211005
48121,10,남해여행,여행,국내여행,경상남도,211,609,820,20211005
48052,1,제주여행,여행,국내여행,제주특별자치도,538,1765,2303,20210929
48053,2,경주여행,여행,국내여행,경상북도,610,1561,2171,20210929
48054,3,부산여행,여행,국내여행,부산광역시,504,1468,1972,20210929
48055,4,여수여행,여행,국내여행,전라남도,380,1124,1504,20210929
48056,5,강릉여행,여행,국내여행,강원도,280,807,1087,20210929
48057,6,전주여행,여행,국내여행,전라북도,277,768,1045,20210929
48058,7,군산여행,여행,국내여행,전라북도,212,542,754,20210929
48059,8,포항여행,여행,국내여행,경상북도,174,519,693,20210929
48060,9,속초여행,여행,국내여행,강원도,194,484,678,20210929
48061,10,남해여행,여행,국내여행,경상남도,190,478,668,20210929
48022,1,제주여행,여행,국내여행,제주특별자치도,209,1907,2116,20210926
48023,2,부산여행,여행,국내여행,부산광역시,293,1791,2084,20210926
48024,3,경주여행,여행,국내여행,경상북도,254,1793,2047,20210926
48025,4,여수여행,여행,국내여행,전라남도,191,1354,1545,20210926
48026,5,강릉여행,여행,국내여행,강원도,111,898,1009,20210926
48027,6,전주여행,여행,국내여행,전라북도,122,746,868,20210926
48028,7,군산여행,여행,국내여행,전라북도,107,730,837,20210926
48029,8,포항여행,여행,국내여행,경상북도,75,646,721,20210926
48030,9,남해여행,여행,국내여행,경상남도,90,564,654,20210926
48031,10,속초여행,여행,국내여행,강원도,96,511,607,20210926
47952,1,부산여행,여행,국내여행,부산광역시,188,1977,2165,20210919
47953,2,경주여행,여행,국내여행,경상북도,194,1762,1956,20210919
47954,3,제주여행,여행,국내여행,제주특별자치도,150,1600,1750,20210919
47955,4,여수여행,여행,국내여행,전라남도,128,1474,1602,20210919
47956,5,강릉여행,여행,국내여행,강원도,94,981,1075,20210919
47957,6,속초여행,여행,국내여행,강원도,86,833,919,20210919
47958,7,군산여행,여행,국내여행,전라북도,77,804,881,20210919
47959,8,전주여행,여행,국내여행,전라북도,73,770,843,20210919
47960,9,춘천여행,여행,국내여행,강원도,65,639,704,20210919
47961,10,대구여행,여행,국내여행,대구광역시,41,596,637,20210919
48132,1,부산여행,여행,국내여행,부산광역시,619,1957,2576,20211007
48133,2,제주여행,여행,국내여행,제주특별자치도,553,1920,2473,20211007
48134,3,경주여행,여행,국내여행,경상북도,607,1800,2407,20211007
48135,4,여수여행,여행,국내여행,전라남도,471,1412,1883,20211007
48136,5,강릉여행,여행,국내여행,강원도,282,852,1134,20211007
48137,6,전주여행,여행,국내여행,전라북도,264,821,1085,20211007
48138,7,군산여행,여행,국내여행,전라북도,241,682,923,20211007
48139,8,속초여행,여행,국내여행,강원도,232,659,891,20211007
48140,9,남해여행,여행,국내여행,경상남도,203,563,766,20211007
48141,10,대구여행,여행,국내여행,대구광역시,171,587,758,20211007
47942,1,부산여행,여행,국내여행,부산광역시,218,1670,1888,20210918
47943,2,제주여행,여행,국내여행,제주특별자치도,157,1727,1884,20210918
47944,3,경주여행,여행,국내여행,경상북도,211,1613,1824,20210918
47945,4,여수여행,여행,국내여행,전라남도,178,1411,1589,20210918
47946,5,강릉여행,여행,국내여행,강원도,108,894,1002,20210918
47947,6,전주여행,여행,국내여행,전라북도,86,820,906,20210918
47948,7,속초여행,여행,국내여행,강원도,94,670,764,20210918
47949,8,군산여행,여행,국내여행,전라북도,71,648,719,20210918
47950,9,남해여행,여행,국내여행,경상남도,68,522,590,20210918
47951,10,통영여행,여행,국내여행,경상남도,56,531,587,20210918
47932,1,제주여행,여행,국내여행,제주특별자치도,424,1352,1776,20210917
47933,2,경주여행,여행,국내여행,경상북도,483,1237,1720,20210917
47934,3,부산여행,여행,국내여행,부산광역시,415,1273,1688,20210917
47935,4,여수여행,여행,국내여행,전라남도,326,952,1278,20210917
47936,5,강릉여행,여행,국내여행,강원도,199,689,888,20210917
47937,6,전주여행,여행,국내여행,전라북도,166,538,704,20210917
47938,7,속초여행,여행,국내여행,강원도,171,500,671,20210917
47939,8,군산여행,여행,국내여행,전라북도,163,490,653,20210917
47940,9,남해여행,여행,국내여행,경상남도,173,394,567,20210917
47941,10,춘천여행,여행,국내여행,강원도,135,390,525,20210917
47902,1,제주여행,여행,국내여행,제주특별자치도,426,1463,1889,20210914
47903,2,경주여행,여행,국내여행,경상북도,503,1237,1740,20210914
47904,3,부산여행,여행,국내여행,부산광역시,461,1157,1618,20210914
47905,4,여수여행,여행,국내여행,전라남도,356,1054,1410,20210914
47906,5,강릉여행,여행,국내여행,강원도,230,732,962,20210914
47907,6,전주여행,여행,국내여행,전라북도,218,555,773,20210914
47908,7,군산여행,여행,국내여행,전라북도,188,485,673,20210914
47909,8,속초여행,여행,국내여행,강원도,197,434,631,20210914
47910,9,남해여행,여행,국내여행,경상남도,196,389,585,20210914
47911,10,포항여행,여행,국내여행,경상북도,164,369,533,20210914
47862,1,부산여행,여행,국내여행,부산광역시,386,1328,1714,20210910
47863,2,경주여행,여행,국내여행,경상북도,383,1252,1635,20210910
47864,3,제주여행,여행,국내여행,제주특별자치도,346,1176,1522,20210910
47865,4,여수여행,여행,국내여행,전라남도,236,744,980,20210910
47866,5,강릉여행,여행,국내여행,강원도,217,657,874,20210910
47867,6,전주여행,여행,국내여행,전라북도,154,516,670,20210910
47868,7,군산여행,여행,국내여행,전라북도,153,476,629,20210910
47869,8,속초여행,여행,국내여행,강원도,154,417,571,20210910
47870,9,춘천여행,여행,국내여행,강원도,146,359,505,20210910
47871,10,남해여행,여행,국내여행,경상남도,123,372,495,20210910
47652,1,제주여행,여행,국내여행,제주특별자치도,326,1033,1359,20210820
47653,2,부산여행,여행,국내여행,부산광역시,278,1028,1306,20210820
47654,3,경주여행,여행,국내여행,경상북도,346,903,1249,20210820
47655,4,여수여행,여행,국내여행,전라남도,297,929,1226,20210820
47656,5,강릉여행,여행,국내여행,강원도,234,686,920,20210820
47657,6,속초여행,여행,국내여행,강원도,167,566,733,20210820
47658,7,군산여행,여행,국내여행,전라북도,158,493,651,20210820
47659,8,전주여행,여행,국내여행,전라북도,171,466,637,20210820
47660,9,남해여행,여행,국내여행,경상남도,175,429,604,20210820
47661,10,통영여행,여행,국내여행,경상남도,130,387,517,20210820
47692,1,제주여행,여행,국내여행,제주특별자치도,402,1388,1790,20210824
47693,2,경주여행,여행,국내여행,경상북도,523,1216,1739,20210824
47694,3,부산여행,여행,국내여행,부산광역시,338,1074,1412,20210824
47695,4,여수여행,여행,국내여행,전라남도,350,950,1300,20210824
47696,5,강릉여행,여행,국내여행,강원도,243,797,1040,20210824
47697,6,속초여행,여행,국내여행,강원도,190,493,683,20210824
47698,7,전주여행,여행,국내여행,전라북도,163,479,642,20210824
47699,8,군산여행,여행,국내여행,전라북도,143,486,629,20210824
47700,9,남해여행,여행,국내여행,경상남도,174,393,567,20210824
47701,10,통영여행,여행,국내여행,경상남도,142,389,531,20210824
47642,1,제주여행,여행,국내여행,제주특별자치도,297,1333,1630,20210819
47643,2,여수여행,여행,국내여행,전라남도,357,1035,1392,20210819
47644,3,경주여행,여행,국내여행,경상북도,357,1026,1383,20210819
47645,4,부산여행,여행,국내여행,부산광역시,359,1011,1370,20210819
47646,5,강릉여행,여행,국내여행,강원도,294,726,1020,20210819
47647,6,군산여행,여행,국내여행,전라북도,187,581,768,20210819
47648,7,속초여행,여행,국내여행,강원도,203,548,751,20210819
47649,8,남해여행,여행,국내여행,경상남도,205,483,688,20210819
47650,9,전주여행,여행,국내여행,전라북도,183,470,653,20210819
47651,10,통영여행,여행,국내여행,경상남도,142,431,573,20210819
47832,1,경주여행,여행,국내여행,경상북도,617,1367,1984,20210907
47833,2,제주여행,여행,국내여행,제주특별자치도,417,1513,1930,20210907
47834,3,부산여행,여행,국내여행,부산광역시,452,1259,1711,20210907
47835,4,여수여행,여행,국내여행,전라남도,318,871,1189,20210907
47836,5,강릉여행,여행,국내여행,강원도,218,626,844,20210907
47837,6,전주여행,여행,국내여행,전라북도,209,513,722,20210907
47838,7,군산여행,여행,국내여행,전라북도,207,482,689,20210907
47839,8,속초여행,여행,국내여행,강원도,211,403,614,20210907
47840,9,남해여행,여행,국내여행,경상남도,169,408,577,20210907
47841,10,통영여행,여행,국내여행,경상남도,180,365,545,20210907
47712,1,제주여행,여행,국내여행,제주특별자치도,413,1264,1677,20210826
47713,2,경주여행,여행,국내여행,경상북도,370,1296,1666,20210826
47714,3,부산여행,여행,국내여행,부산광역시,373,1118,1491,20210826
47715,4,여수여행,여행,국내여행,전라남도,304,912,1216,20210826
47716,5,강릉여행,여행,국내여행,강원도,216,787,1003,20210826
47717,6,속초여행,여행,국내여행,강원도,173,571,744,20210826
47718,7,군산여행,여행,국내여행,전라북도,201,509,710,20210826
47719,8,전주여행,여행,국내여행,전라북도,166,460,626,20210826
47720,9,남해여행,여행,국내여행,경상남도,168,434,602,20210826
47721,10,춘천여행,여행,국내여행,강원도,122,404,526,20210826
47572,1,제주여행,여행,국내여행,제주특별자치도,430,1537,1967,20210812
47573,2,부산여행,여행,국내여행,부산광역시,392,1378,1770,20210812
47574,3,여수여행,여행,국내여행,전라남도,377,1328,1705,20210812
47575,4,경주여행,여행,국내여행,경상북도,423,1136,1559,20210812
47576,5,강릉여행,여행,국내여행,강원도,226,987,1213,20210812
47577,6,속초여행,여행,국내여행,강원도,216,780,996,20210812
47578,7,전주여행,여행,국내여행,전라북도,236,721,957,20210812
47579,8,군산여행,여행,국내여행,전라북도,206,714,920,20210812
47580,9,남해여행,여행,국내여행,경상남도,250,636,886,20210812
47581,10,춘천여행,여행,국내여행,강원도,164,621,785,20210812
47622,1,제주여행,여행,국내여행,제주특별자치도,378,1445,1823,20210817
47623,2,여수여행,여행,국내여행,전라남도,371,1241,1612,20210817
47624,3,경주여행,여행,국내여행,경상북도,471,1136,1607,20210817
47625,4,부산여행,여행,국내여행,부산광역시,328,1107,1435,20210817
47626,5,강릉여행,여행,국내여행,강원도,281,894,1175,20210817
47627,6,전주여행,여행,국내여행,전라북도,180,646,826,20210817
47628,7,군산여행,여행,국내여행,전라북도,196,625,821,20210817
47629,8,남해여행,여행,국내여행,경상남도,207,576,783,20210817
47630,9,속초여행,여행,국내여행,강원도,214,567,781,20210817
47631,10,통영여행,여행,국내여행,경상남도,153,463,616,20210817
47682,1,제주여행,여행,국내여행,제주특별자치도,429,1274,1703,20210823
47683,2,경주여행,여행,국내여행,경상북도,501,1044,1545,20210823
47684,3,부산여행,여행,국내여행,부산광역시,382,1120,1502,20210823
47685,4,여수여행,여행,국내여행,전라남도,425,978,1403,20210823
47686,5,강릉여행,여행,국내여행,강원도,247,803,1050,20210823
47687,6,전주여행,여행,국내여행,전라북도,212,576,788,20210823
47688,7,속초여행,여행,국내여행,강원도,195,556,751,20210823
47689,8,남해여행,여행,국내여행,경상남도,216,490,706,20210823
47690,9,군산여행,여행,국내여행,전라북도,157,518,675,20210823
47691,10,통영여행,여행,국내여행,경상남도,152,412,564,20210823
47662,1,제주여행,여행,국내여행,제주특별자치도,165,1211,1376,20210821
47663,2,부산여행,여행,국내여행,부산광역시,155,1018,1173,20210821
47664,3,여수여행,여행,국내여행,전라남도,138,990,1128,20210821
47665,4,경주여행,여행,국내여행,경상북도,157,939,1096,20210821
47666,5,강릉여행,여행,국내여행,강원도,158,816,974,20210821
47667,6,속초여행,여행,국내여행,강원도,111,647,758,20210821
47668,7,전주여행,여행,국내여행,전라북도,94,539,633,20210821
47669,8,군산여행,여행,국내여행,전라북도,71,506,577,20210821
47670,9,남해여행,여행,국내여행,경상남도,80,404,484,20210821
47671,10,춘천여행,여행,국내여행,강원도,56,374,430,20210821
47632,1,제주여행,여행,국내여행,제주특별자치도,400,1409,1809,20210818
47633,2,여수여행,여행,국내여행,전라남도,424,1113,1537,20210818
47634,3,부산여행,여행,국내여행,부산광역시,412,1097,1509,20210818
47635,4,경주여행,여행,국내여행,경상북도,422,1079,1501,20210818
47636,5,강릉여행,여행,국내여행,강원도,323,747,1070,20210818
47637,6,전주여행,여행,국내여행,전라북도,211,590,801,20210818
47638,7,속초여행,여행,국내여행,강원도,187,564,751,20210818
47639,8,남해여행,여행,국내여행,경상남도,190,510,700,20210818
47640,9,군산여행,여행,국내여행,전라북도,186,505,691,20210818
47641,10,통영여행,여행,국내여행,경상남도,161,416,577,20210818
47352,1,부산여행,여행,국내여행,부산광역시,653,1635,2288,20210721
47353,2,제주여행,여행,국내여행,제주특별자치도,498,1733,2231,20210721
47354,3,여수여행,여행,국내여행,전라남도,612,1387,1999,20210721
47355,4,경주여행,여행,국내여행,경상북도,428,976,1404,20210721
47356,5,남해여행,여행,국내여행,경상남도,251,631,882,20210721
47357,6,강릉여행,여행,국내여행,강원도,272,594,866,20210721
47358,7,속초여행,여행,국내여행,강원도,232,572,804,20210721
47359,8,전주여행,여행,국내여행,전라북도,199,510,709,20210721
47360,9,군산여행,여행,국내여행,전라북도,206,482,688,20210721
47361,10,포항여행,여행,국내여행,경상북도,195,489,684,20210721
47492,1,부산여행,여행,국내여행,부산광역시,632,1964,2596,20210804
47493,2,여수여행,여행,국내여행,전라남도,523,1693,2216,20210804
47494,3,제주여행,여행,국내여행,제주특별자치도,393,1791,2184,20210804
47495,4,경주여행,여행,국내여행,경상북도,463,1240,1703,20210804
47496,5,남해여행,여행,국내여행,경상남도,295,904,1199,20210804
47497,6,강릉여행,여행,국내여행,강원도,280,912,1192,20210804
47498,7,군산여행,여행,국내여행,전라북도,267,861,1128,20210804
47499,8,속초여행,여행,국내여행,강원도,223,702,925,20210804
47500,9,전주여행,여행,국내여행,전라북도,225,661,886,20210804
47501,10,통영여행,여행,국내여행,경상남도,208,614,822,20210804
47532,1,부산여행,여행,국내여행,부산광역시,413,2193,2606,20210808
47533,2,제주여행,여행,국내여행,제주특별자치도,291,1961,2252,20210808
47534,3,여수여행,여행,국내여행,전라남도,251,1782,2033,20210808
47535,4,경주여행,여행,국내여행,경상북도,190,1488,1678,20210808
47536,5,강릉여행,여행,국내여행,강원도,178,1004,1182,20210808
47537,6,군산여행,여행,국내여행,전라북도,129,1018,1147,20210808
47538,7,남해여행,여행,국내여행,경상남도,129,894,1023,20210808
47539,8,전주여행,여행,국내여행,전라북도,103,899,1002,20210808
47540,9,속초여행,여행,국내여행,강원도,157,818,975,20210808
47541,10,통영여행,여행,국내여행,경상남도,100,639,739,20210808
47372,1,부산여행,여행,국내여행,부산광역시,525,1475,2000,20210723
47373,2,제주여행,여행,국내여행,제주특별자치도,432,1560,1992,20210723
47374,3,여수여행,여행,국내여행,전라남도,457,1307,1764,20210723
47375,4,경주여행,여행,국내여행,경상북도,366,974,1340,20210723
47376,5,남해여행,여행,국내여행,경상남도,276,612,888,20210723
47377,6,강릉여행,여행,국내여행,강원도,201,603,804,20210723
47378,7,전주여행,여행,국내여행,전라북도,198,538,736,20210723
47379,8,속초여행,여행,국내여행,강원도,203,530,733,20210723
47380,9,군산여행,여행,국내여행,전라북도,160,527,687,20210723
47381,10,통영여행,여행,국내여행,경상남도,163,455,618,20210723
47542,1,부산여행,여행,국내여행,부산광역시,548,1843,2391,20210809
47543,2,제주여행,여행,국내여행,제주특별자치도,536,1814,2350,20210809
47544,3,여수여행,여행,국내여행,전라남도,640,1641,2281,20210809
47545,4,경주여행,여행,국내여행,경상북도,610,1281,1891,20210809
47546,5,강릉여행,여행,국내여행,강원도,381,981,1362,20210809
47547,6,남해여행,여행,국내여행,경상남도,354,849,1203,20210809
47548,7,군산여행,여행,국내여행,전라북도,243,945,1188,20210809
47549,8,속초여행,여행,국내여행,강원도,261,802,1063,20210809
47550,9,전주여행,여행,국내여행,전라북도,285,747,1032,20210809
47551,10,통영여행,여행,국내여행,경상남도,249,574,823,20210809
47462,1,부산여행,여행,국내여행,부산광역시,455,2621,3076,20210801
47463,2,여수여행,여행,국내여행,전라남도,335,2307,2642,20210801
47464,3,제주여행,여행,국내여행,제주특별자치도,222,1912,2134,20210801
47465,4,경주여행,여행,국내여행,경상북도,224,1596,1820,20210801
47466,5,강릉여행,여행,국내여행,강원도,189,1131,1320,20210801
47467,6,남해여행,여행,국내여행,경상남도,180,1080,1260,20210801
47468,7,군산여행,여행,국내여행,전라북도,119,1100,1219,20210801
47469,8,전주여행,여행,국내여행,전라북도,131,957,1088,20210801
47470,9,속초여행,여행,국내여행,강원도,111,860,971,20210801
47471,10,통영여행,여행,국내여행,경상남도,98,851,949,20210801
47602,1,제주여행,여행,국내여행,제주특별자치도,167,1799,1966,20210815
47603,2,부산여행,여행,국내여행,부산광역시,180,1664,1844,20210815
47604,3,여수여행,여행,국내여행,전라남도,178,1600,1778,20210815
47605,4,경주여행,여행,국내여행,경상북도,207,1494,1701,20210815
47606,5,군산여행,여행,국내여행,전라북도,103,1205,1308,20210815
47607,6,강릉여행,여행,국내여행,강원도,148,1133,1281,20210815
47608,7,전주여행,여행,국내여행,전라북도,101,887,988,20210815
47609,8,남해여행,여행,국내여행,경상남도,96,891,987,20210815
47610,9,속초여행,여행,국내여행,강원도,98,830,928,20210815
47611,10,춘천여행,여행,국내여행,강원도,82,743,825,20210815
47552,1,제주여행,여행,국내여행,제주특별자치도,517,1768,2285,20210810
47553,2,여수여행,여행,국내여행,전라남도,615,1441,2056,20210810
47554,3,부산여행,여행,국내여행,부산광역시,485,1432,1917,20210810
47555,4,경주여행,여행,국내여행,경상북도,440,1172,1612,20210810
47556,5,강릉여행,여행,국내여행,강원도,332,971,1303,20210810
47557,6,남해여행,여행,국내여행,경상남도,269,760,1029,20210810
47558,7,속초여행,여행,국내여행,강원도,277,704,981,20210810
47559,8,군산여행,여행,국내여행,전라북도,228,749,977,20210810
47560,9,전주여행,여행,국내여행,전라북도,232,703,935,20210810
47561,10,춘천여행,여행,국내여행,강원도,191,580,771,20210810
47472,1,부산여행,여행,국내여행,부산광역시,670,2574,3244,20210802
47473,2,여수여행,여행,국내여행,전라남도,606,1991,2597,20210802
47474,3,제주여행,여행,국내여행,제주특별자치도,503,1827,2330,20210802
47475,4,경주여행,여행,국내여행,경상북도,525,1665,2190,20210802
47476,5,남해여행,여행,국내여행,경상남도,334,1128,1462,20210802
47477,6,강릉여행,여행,국내여행,강원도,270,1025,1295,20210802
47478,7,군산여행,여행,국내여행,전라북도,267,967,1234,20210802
47479,8,속초여행,여행,국내여행,강원도,225,885,1110,20210802
47480,9,전주여행,여행,국내여행,전라북도,197,842,1039,20210802
47481,10,통영여행,여행,국내여행,경상남도,220,724,944,20210802
47412,1,부산여행,여행,국내여행,부산광역시,671,1723,2394,20210727
47413,2,제주여행,여행,국내여행,제주특별자치도,477,1903,2380,20210727
47414,3,여수여행,여행,국내여행,전라남도,633,1470,2103,20210727
47415,4,경주여행,여행,국내여행,경상북도,542,1165,1707,20210727
47416,5,남해여행,여행,국내여행,경상남도,337,862,1199,20210727
47417,6,군산여행,여행,국내여행,전라북도,250,716,966,20210727
47418,7,강릉여행,여행,국내여행,강원도,247,680,927,20210727
47419,8,전주여행,여행,국내여행,전라북도,249,606,855,20210727
47420,9,속초여행,여행,국내여행,강원도,215,591,806,20210727
47421,10,통영여행,여행,국내여행,경상남도,229,564,793,20210727
47382,1,부산여행,여행,국내여행,부산광역시,301,1787,2088,20210724
47383,2,제주여행,여행,국내여행,제주특별자치도,162,1675,1837,20210724
47384,3,여수여행,여행,국내여행,전라남도,222,1349,1571,20210724
47385,4,경주여행,여행,국내여행,경상북도,186,1128,1314,20210724
47386,5,남해여행,여행,국내여행,경상남도,130,699,829,20210724
47387,6,속초여행,여행,국내여행,강원도,98,659,757,20210724
47388,7,군산여행,여행,국내여행,전라북도,96,622,718,20210724
47389,8,강릉여행,여행,국내여행,강원도,104,604,708,20210724
47390,9,전주여행,여행,국내여행,전라북도,102,590,692,20210724
47391,10,포항여행,여행,국내여행,경상북도,71,593,664,20210724
47232,1,부산여행,여행,국내여행,부산광역시,580,1696,2276,20210709
47233,2,제주여행,여행,국내여행,제주특별자치도,529,1737,2266,20210709
47234,3,여수여행,여행,국내여행,전라남도,486,1191,1677,20210709
47235,4,경주여행,여행,국내여행,경상북도,373,880,1253,20210709
47236,5,강릉여행,여행,국내여행,강원도,312,883,1195,20210709
47237,6,속초여행,여행,국내여행,강원도,247,640,887,20210709
47238,7,남해여행,여행,국내여행,경상남도,204,614,818,20210709
47239,8,통영여행,여행,국내여행,경상남도,184,426,610,20210709
47240,9,전주여행,여행,국내여행,전라북도,166,432,598,20210709
47241,10,군산여행,여행,국내여행,전라북도,150,445,595,20210709
47252,1,부산여행,여행,국내여행,부산광역시,371,2068,2439,20210711
47253,2,제주여행,여행,국내여행,제주특별자치도,242,2100,2342,20210711
47254,3,여수여행,여행,국내여행,전라남도,297,1619,1916,20210711
47255,4,경주여행,여행,국내여행,경상북도,235,1354,1589,20210711
47256,5,강릉여행,여행,국내여행,강원도,239,1085,1324,20210711
47257,6,남해여행,여행,국내여행,경상남도,146,873,1019,20210711
47258,7,속초여행,여행,국내여행,강원도,138,838,976,20210711
47259,8,전주여행,여행,국내여행,전라북도,120,609,729,20210711
47260,9,통영여행,여행,국내여행,경상남도,104,578,682,20210711
47261,10,군산여행,여행,국내여행,전라북도,92,574,666,20210711
47342,1,부산여행,여행,국내여행,부산광역시,706,1733,2439,20210720
47343,2,제주여행,여행,국내여행,제주특별자치도,498,1741,2239,20210720
47344,3,여수여행,여행,국내여행,전라남도,618,1418,2036,20210720
47345,4,경주여행,여행,국내여행,경상북도,433,1178,1611,20210720
47346,5,남해여행,여행,국내여행,경상남도,359,770,1129,20210720
47347,6,강릉여행,여행,국내여행,강원도,247,738,985,20210720
47348,7,속초여행,여행,국내여행,강원도,252,623,875,20210720
47349,8,전주여행,여행,국내여행,전라북도,222,576,798,20210720
47350,9,군산여행,여행,국내여행,전라북도,227,563,790,20210720
47351,10,통영여행,여행,국내여행,경상남도,198,507,705,20210720
47262,1,제주여행,여행,국내여행,제주특별자치도,630,1895,2525,20210712
47263,2,부산여행,여행,국내여행,부산광역시,767,1682,2449,20210712
47264,3,여수여행,여행,국내여행,전라남도,571,1445,2016,20210712
47265,4,경주여행,여행,국내여행,경상북도,493,1171,1664,20210712
47266,5,강릉여행,여행,국내여행,강원도,377,979,1356,20210712
47267,6,속초여행,여행,국내여행,강원도,290,766,1056,20210712
47268,7,남해여행,여행,국내여행,경상남도,309,735,1044,20210712
47269,8,군산여행,여행,국내여행,전라북도,217,586,803,20210712
47270,9,통영여행,여행,국내여행,경상남도,238,537,775,20210712
47271,10,전주여행,여행,국내여행,전라북도,197,567,764,20210712
47332,1,부산여행,여행,국내여행,부산광역시,736,1945,2681,20210719
47333,2,제주여행,여행,국내여행,제주특별자치도,577,1824,2401,20210719
47334,3,여수여행,여행,국내여행,전라남도,601,1594,2195,20210719
47335,4,경주여행,여행,국내여행,경상북도,507,1161,1668,20210719
47336,5,남해여행,여행,국내여행,경상남도,348,769,1117,20210719
47337,6,강릉여행,여행,국내여행,강원도,296,800,1096,20210719
47338,7,속초여행,여행,국내여행,강원도,264,626,890,20210719
47339,8,전주여행,여행,국내여행,전라북도,260,559,819,20210719
47340,9,군산여행,여행,국내여행,전라북도,214,569,783,20210719
47341,10,포항여행,여행,국내여행,경상북도,205,562,767,20210719
47162,1,부산여행,여행,국내여행,부산광역시,809,1850,2659,20210702
47163,2,제주여행,여행,국내여행,제주특별자치도,580,1718,2298,20210702
47164,3,여수여행,여행,국내여행,전라남도,563,1315,1878,20210702
47165,4,강릉여행,여행,국내여행,강원도,442,1053,1495,20210702
47166,5,경주여행,여행,국내여행,경상북도,396,972,1368,20210702
47167,6,속초여행,여행,국내여행,강원도,329,724,1053,20210702
47168,7,남해여행,여행,국내여행,경상남도,272,586,858,20210702
47169,8,전주여행,여행,국내여행,전라북도,177,578,755,20210702
47170,9,통영여행,여행,국내여행,경상남도,170,470,640,20210702
47171,10,군산여행,여행,국내여행,전라북도,172,464,636,20210702
47302,1,제주여행,여행,국내여행,제주특별자치도,409,1799,2208,20210716
47303,2,부산여행,여행,국내여행,부산광역시,574,1598,2172,20210716
47304,3,여수여행,여행,국내여행,전라남도,382,1127,1509,20210716
47305,4,경주여행,여행,국내여행,경상북도,413,909,1322,20210716
47306,5,강릉여행,여행,국내여행,강원도,328,804,1132,20210716
47307,6,속초여행,여행,국내여행,강원도,265,679,944,20210716
47308,7,남해여행,여행,국내여행,경상남도,247,559,806,20210716
47309,8,전주여행,여행,국내여행,전라북도,188,497,685,20210716
47310,9,군산여행,여행,국내여행,전라북도,188,459,647,20210716
47311,10,통영여행,여행,국내여행,경상남도,174,465,639,20210716
47312,1,부산여행,여행,국내여행,부산광역시,360,2018,2378,20210717
47313,2,제주여행,여행,국내여행,제주특별자치도,244,1825,2069,20210717
47314,3,여수여행,여행,국내여행,전라남도,261,1597,1858,20210717
47315,4,경주여행,여행,국내여행,경상북도,167,1183,1350,20210717
47316,5,강릉여행,여행,국내여행,강원도,195,1011,1206,20210717
47317,6,속초여행,여행,국내여행,강원도,113,865,978,20210717
47318,7,남해여행,여행,국내여행,경상남도,124,791,915,20210717
47319,8,군산여행,여행,국내여행,전라북도,107,658,765,20210717
47320,9,전주여행,여행,국내여행,전라북도,110,608,718,20210717
47321,10,통영여행,여행,국내여행,경상남도,110,542,652,20210717
47272,1,부산여행,여행,국내여행,부산광역시,792,1675,2467,20210713
47273,2,제주여행,여행,국내여행,제주특별자치도,579,1802,2381,20210713
47274,3,여수여행,여행,국내여행,전라남도,577,1358,1935,20210713
47275,4,경주여행,여행,국내여행,경상북도,508,1074,1582,20210713
47276,5,강릉여행,여행,국내여행,강원도,423,930,1353,20210713
47277,6,남해여행,여행,국내여행,경상남도,341,707,1048,20210713
47278,7,속초여행,여행,국내여행,강원도,284,644,928,20210713
47279,8,전주여행,여행,국내여행,전라북도,185,522,707,20210713
47280,9,포항여행,여행,국내여행,경상북도,177,518,695,20210713
47281,10,군산여행,여행,국내여행,전라북도,186,495,681,20210713
46932,1,제주여행,여행,국내여행,제주특별자치도,804,1829,2633,20210609
46933,2,부산여행,여행,국내여행,부산광역시,848,1647,2495,20210609
46934,3,여수여행,여행,국내여행,전라남도,490,1166,1656,20210609
46935,4,강릉여행,여행,국내여행,강원도,479,1020,1499,20210609
46936,5,경주여행,여행,국내여행,경상북도,563,920,1483,20210609
46937,6,속초여행,여행,국내여행,강원도,302,602,904,20210609
46938,7,남해여행,여행,국내여행,경상남도,298,572,870,20210609
46939,8,전주여행,여행,국내여행,전라북도,219,499,718,20210609
46940,9,군산여행,여행,국내여행,전라북도,201,505,706,20210609
46941,10,통영여행,여행,국내여행,경상남도,182,403,585,20210609
47092,1,부산여행,여행,국내여행,부산광역시,896,2129,3025,20210625
47093,2,제주여행,여행,국내여행,제주특별자치도,657,1782,2439,20210625
47094,3,여수여행,여행,국내여행,전라남도,608,1578,2186,20210625
47095,4,경주여행,여행,국내여행,경상북도,493,1290,1783,20210625
47096,5,강릉여행,여행,국내여행,강원도,454,1242,1696,20210625
47097,6,속초여행,여행,국내여행,강원도,294,863,1157,20210625
47098,7,남해여행,여행,국내여행,경상남도,317,713,1030,20210625
47099,8,전주여행,여행,국내여행,전라북도,260,676,936,20210625
47100,9,군산여행,여행,국내여행,전라북도,189,599,788,20210625
47101,10,춘천여행,여행,국내여행,강원도,198,488,686,20210625
46892,1,부산여행,여행,국내여행,부산광역시,305,1645,1950,20210605
46893,2,제주여행,여행,국내여행,제주특별자치도,197,1477,1674,20210605
46894,3,여수여행,여행,국내여행,전라남도,159,1026,1185,20210605
46895,4,강릉여행,여행,국내여행,강원도,178,988,1166,20210605
46896,5,경주여행,여행,국내여행,경상북도,166,955,1121,20210605
46897,6,속초여행,여행,국내여행,강원도,116,698,814,20210605
46898,7,전주여행,여행,국내여행,전라북도,99,648,747,20210605
46899,8,남해여행,여행,국내여행,경상남도,97,584,681,20210605
46900,9,군산여행,여행,국내여행,전라북도,90,539,629,20210605
46901,10,춘천여행,여행,국내여행,강원도,55,477,532,20210605
47222,1,부산여행,여행,국내여행,부산광역시,813,1763,2576,20210708
47223,2,제주여행,여행,국내여행,제주특별자치도,564,1822,2386,20210708
47224,3,여수여행,여행,국내여행,전라남도,662,1376,2038,20210708
47225,4,경주여행,여행,국내여행,경상북도,489,941,1430,20210708
47226,5,강릉여행,여행,국내여행,강원도,412,916,1328,20210708
47227,6,남해여행,여행,국내여행,경상남도,340,742,1082,20210708
47228,7,속초여행,여행,국내여행,강원도,334,702,1036,20210708
47229,8,전주여행,여행,국내여행,전라북도,207,493,700,20210708
47230,9,통영여행,여행,국내여행,경상남도,221,474,695,20210708
47231,10,군산여행,여행,국내여행,전라북도,173,409,582,20210708
47152,1,부산여행,여행,국내여행,부산광역시,884,2076,2960,20210701
47153,2,제주여행,여행,국내여행,제주특별자치도,574,1864,2438,20210701
47154,3,여수여행,여행,국내여행,전라남도,577,1436,2013,20210701
47155,4,강릉여행,여행,국내여행,강원도,519,1149,1668,20210701
47156,5,경주여행,여행,국내여행,경상북도,453,1186,1639,20210701
47157,6,속초여행,여행,국내여행,강원도,357,733,1090,20210701
47158,7,남해여행,여행,국내여행,경상남도,246,693,939,20210701
47159,8,전주여행,여행,국내여행,전라북도,224,520,744,20210701
47160,9,통영여행,여행,국내여행,경상남도,149,507,656,20210701
47161,10,군산여행,여행,국내여행,전라북도,194,453,647,20210701
46912,1,제주여행,여행,국내여행,제주특별자치도,684,1859,2543,20210607
46913,2,부산여행,여행,국내여행,부산광역시,780,1584,2364,20210607
46914,3,경주여행,여행,국내여행,경상북도,529,1156,1685,20210607
46915,4,여수여행,여행,국내여행,전라남도,468,990,1458,20210607
46916,5,강릉여행,여행,국내여행,강원도,471,945,1416,20210607
46917,6,남해여행,여행,국내여행,경상남도,307,644,951,20210607
46918,7,속초여행,여행,국내여행,강원도,271,646,917,20210607
46919,8,전주여행,여행,국내여행,전라북도,233,587,820,20210607
46920,9,군산여행,여행,국내여행,전라북도,196,451,647,20210607
46921,10,통영여행,여행,국내여행,경상남도,175,390,565,20210607
47032,1,부산여행,여행,국내여행,부산광역시,479,2390,2869,20210619
47033,2,제주여행,여행,국내여행,제주특별자치도,340,2075,2415,20210619
47034,3,여수여행,여행,국내여행,전라남도,204,1579,1783,20210619
47035,4,경주여행,여행,국내여행,경상북도,243,1402,1645,20210619
47036,5,강릉여행,여행,국내여행,강원도,234,1354,1588,20210619
47037,6,속초여행,여행,국내여행,강원도,133,874,1007,20210619
47038,7,남해여행,여행,국내여행,경상남도,136,806,942,20210619
47039,8,전주여행,여행,국내여행,전라북도,103,767,870,20210619
47040,9,군산여행,여행,국내여행,전라북도,96,748,844,20210619
47041,10,대구여행,여행,국내여행,대구광역시,67,586,653,20210619
46902,1,부산여행,여행,국내여행,부산광역시,354,1781,2135,20210606
46903,2,제주여행,여행,국내여행,제주특별자치도,309,1757,2066,20210606
46904,3,경주여행,여행,국내여행,경상북도,199,1272,1471,20210606
46905,4,여수여행,여행,국내여행,전라남도,177,1070,1247,20210606
46906,5,강릉여행,여행,국내여행,강원도,158,1031,1189,20210606
46907,6,속초여행,여행,국내여행,강원도,129,712,841,20210606
46908,7,남해여행,여행,국내여행,경상남도,117,697,814,20210606
46909,8,전주여행,여행,국내여행,전라북도,107,612,719,20210606
46910,9,군산여행,여행,국내여행,전라북도,97,492,589,20210606
46911,10,통영여행,여행,국내여행,경상남도,83,443,526,20210606
47022,1,부산여행,여행,국내여행,부산광역시,786,1993,2779,20210618
47023,2,제주여행,여행,국내여행,제주특별자치도,560,1822,2382,20210618
47024,3,여수여행,여행,국내여행,전라남도,601,1322,1923,20210618
47025,4,강릉여행,여행,국내여행,강원도,434,1208,1642,20210618
47026,5,경주여행,여행,국내여행,경상북도,524,1107,1631,20210618
47027,6,속초여행,여행,국내여행,강원도,271,749,1020,20210618
47028,7,남해여행,여행,국내여행,경상남도,262,729,991,20210618
47029,8,전주여행,여행,국내여행,전라북도,221,693,914,20210618
47030,9,군산여행,여행,국내여행,전라북도,194,563,757,20210618
47031,10,춘천여행,여행,국내여행,강원도,196,475,671,20210618
47052,1,부산여행,여행,국내여행,부산광역시,1096,2364,3460,20210621
47053,2,제주여행,여행,국내여행,제주특별자치도,951,2235,3186,20210621
47054,3,여수여행,여행,국내여행,전라남도,772,1582,2354,20210621
47055,4,강릉여행,여행,국내여행,강원도,592,1455,2047,20210621
47056,5,경주여행,여행,국내여행,경상북도,616,1236,1852,20210621
47057,6,속초여행,여행,국내여행,강원도,408,928,1336,20210621
47058,7,남해여행,여행,국내여행,경상남도,444,870,1314,20210621
47059,8,전주여행,여행,국내여행,전라북도,269,599,868,20210621
47060,9,군산여행,여행,국내여행,전라북도,224,602,826,20210621
47061,10,통영여행,여행,국내여행,경상남도,217,569,786,20210621
46842,1,제주여행,여행,국내여행,제주특별자치도,647,1595,2242,20210531
46843,2,부산여행,여행,국내여행,부산광역시,642,1369,2011,20210531
46844,3,경주여행,여행,국내여행,경상북도,436,1012,1448,20210531
46845,4,여수여행,여행,국내여행,전라남도,434,985,1419,20210531
46846,5,강릉여행,여행,국내여행,강원도,364,775,1139,20210531
46847,6,남해여행,여행,국내여행,경상남도,285,560,845,20210531
46848,7,속초여행,여행,국내여행,강원도,260,544,804,20210531
46849,8,전주여행,여행,국내여행,전라북도,228,539,767,20210531
46850,9,군산여행,여행,국내여행,전라북도,180,445,625,20210531
46851,10,통영여행,여행,국내여행,경상남도,165,335,500,20210531
46702,1,제주여행,여행,국내여행,제주특별자치도,672,1653,2325,20210517
46703,2,부산여행,여행,국내여행,부산광역시,636,1332,1968,20210517
46704,3,경주여행,여행,국내여행,경상북도,526,987,1513,20210517
46705,4,여수여행,여행,국내여행,전라남도,310,913,1223,20210517
46706,5,강릉여행,여행,국내여행,강원도,377,804,1181,20210517
46707,6,전주여행,여행,국내여행,전라북도,234,649,883,20210517
46708,7,속초여행,여행,국내여행,강원도,226,534,760,20210517
46709,8,남해여행,여행,국내여행,경상남도,254,469,723,20210517
46710,9,군산여행,여행,국내여행,전라북도,213,497,710,20210517
46711,10,춘천여행,여행,국내여행,강원도,164,397,561,20210517
46722,1,제주여행,여행,국내여행,제주특별자치도,292,1623,1915,20210519
46723,2,부산여행,여행,국내여행,부산광역시,266,1583,1849,20210519
46724,3,경주여행,여행,국내여행,경상북도,198,1153,1351,20210519
46725,4,여수여행,여행,국내여행,전라남도,193,947,1140,20210519
46726,5,강릉여행,여행,국내여행,강원도,162,887,1049,20210519
46727,6,전주여행,여행,국내여행,전라북도,104,628,732,20210519
46728,7,속초여행,여행,국내여행,강원도,106,612,718,20210519
46729,8,군산여행,여행,국내여행,전라북도,100,562,662,20210519
46730,9,남해여행,여행,국내여행,경상남도,94,532,626,20210519
46731,10,춘천여행,여행,국내여행,강원도,71,496,567,20210519
46772,1,제주여행,여행,국내여행,제주특별자치도,672,1627,2299,20210524
46773,2,부산여행,여행,국내여행,부산광역시,662,1501,2163,20210524
46774,3,경주여행,여행,국내여행,경상북도,440,982,1422,20210524
46775,4,여수여행,여행,국내여행,전라남도,408,958,1366,20210524
46776,5,강릉여행,여행,국내여행,강원도,335,714,1049,20210524
46777,6,속초여행,여행,국내여행,강원도,224,573,797,20210524
46778,7,전주여행,여행,국내여행,전라북도,243,515,758,20210524
46779,8,남해여행,여행,국내여행,경상남도,238,483,721,20210524
46780,9,군산여행,여행,국내여행,전라북도,205,412,617,20210524
46781,10,대구여행,여행,국내여행,대구광역시,172,380,552,20210524
46712,1,제주여행,여행,국내여행,제주특별자치도,685,1417,2102,20210518
46713,2,부산여행,여행,국내여행,부산광역시,581,1428,2009,20210518
46714,3,경주여행,여행,국내여행,경상북도,514,1052,1566,20210518
46715,4,여수여행,여행,국내여행,전라남도,341,871,1212,20210518
46716,5,강릉여행,여행,국내여행,강원도,304,750,1054,20210518
46717,6,전주여행,여행,국내여행,전라북도,229,549,778,20210518
46718,7,속초여행,여행,국내여행,강원도,236,526,762,20210518
46719,8,남해여행,여행,국내여행,경상남도,239,448,687,20210518
46720,9,군산여행,여행,국내여행,전라북도,186,498,684,20210518
46721,10,춘천여행,여행,국내여행,강원도,169,457,626,20210518
46862,1,부산여행,여행,국내여행,부산광역시,661,1444,2105,20210602
46863,2,제주여행,여행,국내여행,제주특별자치도,535,1472,2007,20210602
46864,3,경주여행,여행,국내여행,경상북도,530,924,1454,20210602
46865,4,여수여행,여행,국내여행,전라남도,408,906,1314,20210602
46866,5,강릉여행,여행,국내여행,강원도,359,706,1065,20210602
46867,6,속초여행,여행,국내여행,강원도,262,547,809,20210602
46868,7,남해여행,여행,국내여행,경상남도,246,550,796,20210602
46869,8,전주여행,여행,국내여행,전라북도,226,500,726,20210602
46870,9,군산여행,여행,국내여행,전라북도,196,394,590,20210602
46871,10,통영여행,여행,국내여행,경상남도,173,321,494,20210602
46742,1,부산여행,여행,국내여행,부산광역시,554,1579,2133,20210521
46743,2,제주여행,여행,국내여행,제주특별자치도,466,1485,1951,20210521
46744,3,경주여행,여행,국내여행,경상북도,420,928,1348,20210521
46745,4,여수여행,여행,국내여행,전라남도,340,865,1205,20210521
46746,5,강릉여행,여행,국내여행,강원도,304,790,1094,20210521
46747,6,전주여행,여행,국내여행,전라북도,204,563,767,20210521
46748,7,속초여행,여행,국내여행,강원도,220,525,745,20210521
46749,8,군산여행,여행,국내여행,전라북도,201,478,679,20210521
46750,9,남해여행,여행,국내여행,경상남도,176,477,653,20210521
46751,10,대구여행,여행,국내여행,대구광역시,150,403,553,20210521
46782,1,제주여행,여행,국내여행,제주특별자치도,647,1575,2222,20210525
46783,2,부산여행,여행,국내여행,부산광역시,648,1458,2106,20210525
46784,3,경주여행,여행,국내여행,경상북도,459,870,1329,20210525
46785,4,여수여행,여행,국내여행,전라남도,333,821,1154,20210525
46786,5,강릉여행,여행,국내여행,강원도,304,702,1006,20210525
46787,6,속초여행,여행,국내여행,강원도,255,451,706,20210525
46788,7,남해여행,여행,국내여행,경상남도,219,457,676,20210525
46789,8,전주여행,여행,국내여행,전라북도,202,463,665,20210525
46790,9,군산여행,여행,국내여행,전라북도,181,395,576,20210525
46791,10,춘천여행,여행,국내여행,강원도,151,306,457,20210525
46872,1,제주여행,여행,국내여행,제주특별자치도,584,1583,2167,20210603
46873,2,부산여행,여행,국내여행,부산광역시,621,1363,1984,20210603
46874,3,경주여행,여행,국내여행,경상북도,455,940,1395,20210603
46875,4,여수여행,여행,국내여행,전라남도,387,882,1269,20210603
46876,5,강릉여행,여행,국내여행,강원도,306,726,1032,20210603
46877,6,속초여행,여행,국내여행,강원도,230,519,749,20210603
46878,7,남해여행,여행,국내여행,경상남도,226,508,734,20210603
46879,8,전주여행,여행,국내여행,전라북도,212,511,723,20210603
46880,9,군산여행,여행,국내여행,전라북도,215,418,633,20210603
46881,10,통영여행,여행,국내여행,경상남도,163,328,491,20210603
46942,1,제주여행,여행,국내여행,제주특별자치도,656,1729,2385,20210610
46943,2,부산여행,여행,국내여행,부산광역시,729,1567,2296,20210610
46944,3,여수여행,여행,국내여행,전라남도,508,1130,1638,20210610
46945,4,강릉여행,여행,국내여행,강원도,403,1013,1416,20210610
46946,5,경주여행,여행,국내여행,경상북도,408,939,1347,20210610
46947,6,속초여행,여행,국내여행,강원도,262,594,856,20210610
46948,7,남해여행,여행,국내여행,경상남도,269,570,839,20210610
46949,8,전주여행,여행,국내여행,전라북도,230,543,773,20210610
46950,9,군산여행,여행,국내여행,전라북도,179,456,635,20210610
46951,10,통영여행,여행,국내여행,경상남도,166,370,536,20210610
46832,1,부산여행,여행,국내여행,부산광역시,255,1695,1950,20210530
46833,2,제주여행,여행,국내여행,제주특별자치도,249,1588,1837,20210530
46834,3,경주여행,여행,국내여행,경상북도,199,1116,1315,20210530
46835,4,여수여행,여행,국내여행,전라남도,137,1091,1228,20210530
46836,5,강릉여행,여행,국내여행,강원도,142,861,1003,20210530
46837,6,속초여행,여행,국내여행,강원도,108,610,718,20210530
46838,7,전주여행,여행,국내여행,전라북도,106,598,704,20210530
46839,8,남해여행,여행,국내여행,경상남도,86,615,701,20210530
46840,9,군산여행,여행,국내여행,전라북도,75,501,576,20210530
46841,10,통영여행,여행,국내여행,경상남도,81,418,499,20210530
46682,1,부산여행,여행,국내여행,부산광역시,301,1402,1703,20210515
46683,2,제주여행,여행,국내여행,제주특별자치도,211,1408,1619,20210515
46684,3,여수여행,여행,국내여행,전라남도,156,944,1100,20210515
46685,4,경주여행,여행,국내여행,경상북도,168,862,1030,20210515
46686,5,강릉여행,여행,국내여행,강원도,131,788,919,20210515
46687,6,전주여행,여행,국내여행,전라북도,99,532,631,20210515
46688,7,속초여행,여행,국내여행,강원도,95,511,606,20210515
46689,8,남해여행,여행,국내여행,경상남도,109,425,534,20210515
46690,9,군산여행,여행,국내여행,전라북도,78,426,504,20210515
46691,10,춘천여행,여행,국내여행,강원도,53,404,457,20210515
49762,1,제주여행,여행,국내여행,제주특별자치도,702,1768,2470,20220314
49763,2,부산여행,여행,국내여행,부산광역시,465,1468,1933,20220314
49764,3,경주여행,여행,국내여행,경상북도,366,920,1286,20220314
49765,4,여수여행,여행,국내여행,전라남도,271,903,1174,20220314
49766,5,남해여행,여행,국내여행,경상남도,225,594,819,20220314
49767,6,강릉여행,여행,국내여행,강원도,221,541,762,20220314
49768,7,전주여행,여행,국내여행,전라북도,186,529,715,20220314
49769,8,군산여행,여행,국내여행,전라북도,171,460,631,20220314
49770,9,대구여행,여행,국내여행,대구광역시,135,392,527,20220314
49771,10,속초여행,여행,국내여행,강원도,139,367,506,20220314
49732,1,제주여행,여행,국내여행,제주특별자치도,418,1348,1766,20220311
49733,2,부산여행,여행,국내여행,부산광역시,309,1227,1536,20220311
49734,3,경주여행,여행,국내여행,경상북도,359,907,1266,20220311
49735,4,여수여행,여행,국내여행,전라남도,245,792,1037,20220311
49736,5,강릉여행,여행,국내여행,강원도,210,604,814,20220311
49737,6,남해여행,여행,국내여행,경상남도,167,625,792,20220311
49738,7,전주여행,여행,국내여행,전라북도,195,514,709,20220311
49739,8,군산여행,여행,국내여행,전라북도,158,544,702,20220311
49740,9,속초여행,여행,국내여행,강원도,152,419,571,20220311
49741,10,대구여행,여행,국내여행,대구광역시,125,400,525,20220311
49802,1,제주여행,여행,국내여행,제주특별자치도,468,1380,1848,20220318
49803,2,부산여행,여행,국내여행,부산광역시,454,1347,1801,20220318
49804,3,경주여행,여행,국내여행,경상북도,320,943,1263,20220318
49805,4,여수여행,여행,국내여행,전라남도,273,934,1207,20220318
49806,5,남해여행,여행,국내여행,경상남도,192,602,794,20220318
49807,6,강릉여행,여행,국내여행,강원도,234,539,773,20220318
49808,7,전주여행,여행,국내여행,전라북도,203,529,732,20220318
49809,8,군산여행,여행,국내여행,전라북도,156,521,677,20220318
49810,9,대구여행,여행,국내여행,대구광역시,145,329,474,20220318
49811,10,속초여행,여행,국내여행,강원도,150,321,471,20220318
49782,1,제주여행,여행,국내여행,제주특별자치도,555,1669,2224,20220316
49783,2,부산여행,여행,국내여행,부산광역시,562,1474,2036,20220316
49784,3,경주여행,여행,국내여행,경상북도,393,934,1327,20220316
49785,4,여수여행,여행,국내여행,전라남도,284,723,1007,20220316
49786,5,남해여행,여행,국내여행,경상남도,201,522,723,20220316
49787,6,강릉여행,여행,국내여행,강원도,203,495,698,20220316
49788,7,전주여행,여행,국내여행,전라북도,187,491,678,20220316
49789,8,군산여행,여행,국내여행,전라북도,142,462,604,20220316
49790,9,속초여행,여행,국내여행,강원도,164,412,576,20220316
49791,10,대구여행,여행,국내여행,대구광역시,128,369,497,20220316
49752,1,제주여행,여행,국내여행,제주특별자치도,332,2050,2382,20220313
49753,2,부산여행,여행,국내여행,부산광역시,236,1566,1802,20220313
49754,3,경주여행,여행,국내여행,경상북도,157,1147,1304,20220313
49755,4,여수여행,여행,국내여행,전라남도,142,1043,1185,20220313
49756,5,남해여행,여행,국내여행,경상남도,103,850,953,20220313
49757,6,강릉여행,여행,국내여행,강원도,126,685,811,20220313
49758,7,전주여행,여행,국내여행,전라북도,87,670,757,20220313
49759,8,군산여행,여행,국내여행,전라북도,95,577,672,20220313
49760,9,속초여행,여행,국내여행,강원도,77,428,505,20220313
49761,10,목포여행,여행,국내여행,전라남도,42,461,503,20220313
49722,1,제주여행,여행,국내여행,제주특별자치도,418,1264,1682,20220310
49723,2,부산여행,여행,국내여행,부산광역시,374,1168,1542,20220310
49724,3,경주여행,여행,국내여행,경상북도,356,901,1257,20220310
49725,4,여수여행,여행,국내여행,전라남도,250,762,1012,20220310
49726,5,강릉여행,여행,국내여행,강원도,229,543,772,20220310
49727,6,남해여행,여행,국내여행,경상남도,196,535,731,20220310
49728,7,전주여행,여행,국내여행,전라북도,206,503,709,20220310
49729,8,군산여행,여행,국내여행,전라북도,160,419,579,20220310
49730,9,대구여행,여행,국내여행,대구광역시,144,380,524,20220310
49731,10,속초여행,여행,국내여행,강원도,159,344,503,20220310
49772,1,제주여행,여행,국내여행,제주특별자치도,665,1884,2549,20220315
49773,2,부산여행,여행,국내여행,부산광역시,521,1474,1995,20220315
49774,3,경주여행,여행,국내여행,경상북도,363,1041,1404,20220315
49775,4,여수여행,여행,국내여행,전라남도,304,941,1245,20220315
49776,5,남해여행,여행,국내여행,경상남도,234,640,874,20220315
49777,6,강릉여행,여행,국내여행,강원도,203,574,777,20220315
49778,7,전주여행,여행,국내여행,전라북도,202,514,716,20220315
49779,8,군산여행,여행,국내여행,전라북도,148,484,632,20220315
49780,9,대구여행,여행,국내여행,대구광역시,129,381,510,20220315
49781,10,속초여행,여행,국내여행,강원도,157,326,483,20220315
49792,1,제주여행,여행,국내여행,제주특별자치도,595,1548,2143,20220317
49793,2,부산여행,여행,국내여행,부산광역시,445,1276,1721,20220317
49794,3,경주여행,여행,국내여행,경상북도,412,920,1332,20220317
49795,4,여수여행,여행,국내여행,전라남도,268,906,1174,20220317
49796,5,강릉여행,여행,국내여행,강원도,193,578,771,20220317
49797,6,남해여행,여행,국내여행,경상남도,189,563,752,20220317
49798,7,전주여행,여행,국내여행,전라북도,193,494,687,20220317
49799,8,군산여행,여행,국내여행,전라북도,155,454,609,20220317
49800,9,대구여행,여행,국내여행,대구광역시,139,409,548,20220317
49801,10,속초여행,여행,국내여행,강원도,172,345,517,20220317
49652,1,제주여행,여행,국내여행,제주특별자치도,400,1207,1607,20220303
49653,2,부산여행,여행,국내여행,부산광역시,341,1131,1472,20220303
49654,3,경주여행,여행,국내여행,경상북도,304,838,1142,20220303
49655,4,여수여행,여행,국내여행,전라남도,269,812,1081,20220303
49656,5,강릉여행,여행,국내여행,강원도,216,658,874,20220303
49657,6,남해여행,여행,국내여행,경상남도,199,562,761,20220303
49658,7,전주여행,여행,국내여행,전라북도,187,481,668,20220303
49659,8,군산여행,여행,국내여행,전라북도,173,489,662,20220303
49660,9,속초여행,여행,국내여행,강원도,181,424,605,20220303
49661,10,대구여행,여행,국내여행,대구광역시,114,374,488,20220303
49742,1,제주여행,여행,국내여행,제주특별자치도,227,1749,1976,20220312
49743,2,부산여행,여행,국내여행,부산광역시,167,1557,1724,20220312
49744,3,경주여행,여행,국내여행,경상북도,157,1110,1267,20220312
49745,4,여수여행,여행,국내여행,전라남도,131,989,1120,20220312
49746,5,남해여행,여행,국내여행,경상남도,105,696,801,20220312
49747,6,전주여행,여행,국내여행,전라북도,85,711,796,20220312
49748,7,군산여행,여행,국내여행,전라북도,72,676,748,20220312
49749,8,강릉여행,여행,국내여행,강원도,83,625,708,20220312
49750,9,대구여행,여행,국내여행,대구광역시,63,438,501,20220312
49751,10,속초여행,여행,국내여행,강원도,65,399,464,20220312
49702,1,부산여행,여행,국내여행,부산광역시,449,1428,1877,20220308
49703,2,제주여행,여행,국내여행,제주특별자치도,391,1413,1804,20220308
49704,3,여수여행,여행,국내여행,전라남도,250,851,1101,20220308
49705,4,경주여행,여행,국내여행,경상북도,279,821,1100,20220308
49706,5,강릉여행,여행,국내여행,강원도,229,596,825,20220308
49707,6,남해여행,여행,국내여행,경상남도,169,592,761,20220308
49708,7,전주여행,여행,국내여행,전라북도,183,562,745,20220308
49709,8,군산여행,여행,국내여행,전라북도,145,540,685,20220308
49710,9,속초여행,여행,국내여행,강원도,154,388,542,20220308
49711,10,대구여행,여행,국내여행,대구광역시,133,343,476,20220308
49692,1,제주여행,여행,국내여행,제주특별자치도,451,1586,2037,20220307
49693,2,부산여행,여행,국내여행,부산광역시,354,1397,1751,20220307
49694,3,경주여행,여행,국내여행,경상북도,374,904,1278,20220307
49695,4,여수여행,여행,국내여행,전라남도,297,908,1205,20220307
49696,5,강릉여행,여행,국내여행,강원도,218,677,895,20220307
49697,6,남해여행,여행,국내여행,경상남도,214,559,773,20220307
49698,7,군산여행,여행,국내여행,전라북도,174,567,741,20220307
49699,8,전주여행,여행,국내여행,전라북도,169,504,673,20220307
49700,9,속초여행,여행,국내여행,강원도,149,395,544,20220307
49701,10,대구여행,여행,국내여행,대구광역시,133,387,520,20220307
49622,1,제주여행,여행,국내여행,제주특별자치도,393,1569,1962,20220228
49623,2,부산여행,여행,국내여행,부산광역시,300,1473,1773,20220228
49624,3,경주여행,여행,국내여행,경상북도,272,1078,1350,20220228
49625,4,여수여행,여행,국내여행,전라남도,216,1031,1247,20220228
49626,5,강릉여행,여행,국내여행,강원도,223,865,1088,20220228
49627,6,군산여행,여행,국내여행,전라북도,137,772,909,20220228
49628,7,전주여행,여행,국내여행,전라북도,170,736,906,20220228
49629,8,남해여행,여행,국내여행,경상남도,169,636,805,20220228
49630,9,대구여행,여행,국내여행,대구광역시,112,607,719,20220228
49631,10,속초여행,여행,국내여행,강원도,171,532,703,20220228
49602,1,부산여행,여행,국내여행,부산광역시,263,2115,2378,20220226
49603,2,여수여행,여행,국내여행,전라남도,140,1712,1852,20220226
49604,3,제주여행,여행,국내여행,제주특별자치도,170,1597,1767,20220226
49605,4,경주여행,여행,국내여행,경상북도,167,1374,1541,20220226
49606,5,강릉여행,여행,국내여행,강원도,143,1269,1412,20220226
49607,6,군산여행,여행,국내여행,전라북도,81,960,1041,20220226
49608,7,속초여행,여행,국내여행,강원도,112,905,1017,20220226
49609,8,전주여행,여행,국내여행,전라북도,93,888,981,20220226
49610,9,남해여행,여행,국내여행,경상남도,92,819,911,20220226
49611,10,대구여행,여행,국내여행,대구광역시,76,813,889,20220226
49662,1,제주여행,여행,국내여행,제주특별자치도,325,1256,1581,20220304
49663,2,부산여행,여행,국내여행,부산광역시,334,1134,1468,20220304
49664,3,경주여행,여행,국내여행,경상북도,257,822,1079,20220304
49665,4,여수여행,여행,국내여행,전라남도,269,785,1054,20220304
49666,5,강릉여행,여행,국내여행,강원도,217,788,1005,20220304
49667,6,전주여행,여행,국내여행,전라북도,182,530,712,20220304
49668,7,군산여행,여행,국내여행,전라북도,186,495,681,20220304
49669,8,남해여행,여행,국내여행,경상남도,150,506,656,20220304
49670,9,속초여행,여행,국내여행,강원도,157,440,597,20220304
49671,10,춘천여행,여행,국내여행,강원도,116,380,496,20220304
49612,1,부산여행,여행,국내여행,부산광역시,203,2123,2326,20220227
49613,2,제주여행,여행,국내여행,제주특별자치도,179,1740,1919,20220227
49614,3,경주여행,여행,국내여행,경상북도,157,1499,1656,20220227
49615,4,강릉여행,여행,국내여행,강원도,123,1227,1350,20220227
49616,5,전주여행,여행,국내여행,전라북도,93,960,1053,20220227
49617,6,남해여행,여행,국내여행,경상남도,88,902,990,20220227
49618,7,군산여행,여행,국내여행,전라북도,66,898,964,20220227
49619,8,속초여행,여행,국내여행,강원도,98,860,958,20220227
49620,9,대구여행,여행,국내여행,대구광역시,78,704,782,20220227
49621,10,춘천여행,여행,국내여행,강원도,51,680,731,20220227
49672,1,제주여행,여행,국내여행,제주특별자치도,220,1449,1669,20220305
49673,2,부산여행,여행,국내여행,부산광역시,194,1333,1527,20220305
49674,3,여수여행,여행,국내여행,전라남도,143,1153,1296,20220305
49675,4,경주여행,여행,국내여행,경상북도,145,928,1073,20220305
49676,5,강릉여행,여행,국내여행,강원도,95,849,944,20220305
49677,6,군산여행,여행,국내여행,전라북도,66,761,827,20220305
49678,7,남해여행,여행,국내여행,경상남도,88,633,721,20220305
49679,8,전주여행,여행,국내여행,전라북도,84,604,688,20220305
49680,9,속초여행,여행,국내여행,강원도,74,497,571,20220305
49681,10,춘천여행,여행,국내여행,강원도,54,486,540,20220305
49592,1,부산여행,여행,국내여행,부산광역시,422,1644,2066,20220225
49593,2,제주여행,여행,국내여행,제주특별자치도,346,1423,1769,20220225
49594,3,경주여행,여행,국내여행,경상북도,281,1066,1347,20220225
49595,4,강릉여행,여행,국내여행,강원도,250,1061,1311,20220225
49596,5,여수여행,여행,국내여행,전라남도,285,989,1274,20220225
49597,6,속초여행,여행,국내여행,강원도,228,772,1000,20220225
49598,7,군산여행,여행,국내여행,전라북도,164,773,937,20220225
49599,8,대구여행,여행,국내여행,대구광역시,182,697,879,20220225
49600,9,전주여행,여행,국내여행,전라북도,188,673,861,20220225
49601,10,남해여행,여행,국내여행,경상남도,166,675,841,20220225
49522,1,부산여행,여행,국내여행,부산광역시,523,1699,2222,20220218
49523,2,제주여행,여행,국내여행,제주특별자치도,440,1614,2054,20220218
49524,3,경주여행,여행,국내여행,경상북도,314,1179,1493,20220218
49525,4,강릉여행,여행,국내여행,강원도,260,1125,1385,20220218
49526,5,여수여행,여행,국내여행,전라남도,248,902,1150,20220218
49527,6,속초여행,여행,국내여행,강원도,212,760,972,20220218
49528,7,전주여행,여행,국내여행,전라북도,209,689,898,20220218
49529,8,군산여행,여행,국내여행,전라북도,171,680,851,20220218
49530,9,남해여행,여행,국내여행,경상남도,163,550,713,20220218
49531,10,춘천여행,여행,국내여행,강원도,128,497,625,20220218
49442,1,부산여행,여행,국내여행,부산광역시,513,1783,2296,20220210
49443,2,제주여행,여행,국내여행,제주특별자치도,419,1646,2065,20220210
49444,3,강릉여행,여행,국내여행,강원도,274,1030,1304,20220210
49445,4,여수여행,여행,국내여행,전라남도,330,914,1244,20220210
49446,5,경주여행,여행,국내여행,경상북도,274,954,1228,20220210
49447,6,전주여행,여행,국내여행,전라북도,204,611,815,20220210
49448,7,속초여행,여행,국내여행,강원도,198,563,761,20220210
49449,8,군산여행,여행,국내여행,전라북도,165,547,712,20220210
49450,9,남해여행,여행,국내여행,경상남도,163,392,555,20220210
49451,10,포항여행,여행,국내여행,경상북도,137,401,538,20220210
49482,1,부산여행,여행,국내여행,부산광역시,612,1878,2490,20220214
49483,2,제주여행,여행,국내여행,제주특별자치도,442,1848,2290,20220214
49484,3,경주여행,여행,국내여행,경상북도,378,1113,1491,20220214
49485,4,강릉여행,여행,국내여행,강원도,284,1176,1460,20220214
49486,5,여수여행,여행,국내여행,전라남도,273,1026,1299,20220214
49487,6,군산여행,여행,국내여행,전라북도,197,746,943,20220214
49488,7,속초여행,여행,국내여행,강원도,224,639,863,20220214
49489,8,전주여행,여행,국내여행,전라북도,183,680,863,20220214
49490,9,남해여행,여행,국내여행,경상남도,212,593,805,20220214
49491,10,포항여행,여행,국내여행,경상북도,143,480,623,20220214
49632,1,제주여행,여행,국내여행,제주특별자치도,222,1764,1986,20220301
49633,2,부산여행,여행,국내여행,부산광역시,207,1498,1705,20220301
49634,3,여수여행,여행,국내여행,전라남도,144,1238,1382,20220301
49635,4,경주여행,여행,국내여행,경상북도,145,1071,1216,20220301
49636,5,남해여행,여행,국내여행,경상남도,113,838,951,20220301
49637,6,강릉여행,여행,국내여행,강원도,119,782,901,20220301
49638,7,전주여행,여행,국내여행,전라북도,106,659,765,20220301
49639,8,군산여행,여행,국내여행,전라북도,79,682,761,20220301
49640,9,대구여행,여행,국내여행,대구광역시,75,570,645,20220301
49641,10,속초여행,여행,국내여행,강원도,92,484,576,20220301
49582,1,부산여행,여행,국내여행,부산광역시,455,1616,2071,20220224
49583,2,제주여행,여행,국내여행,제주특별자치도,384,1504,1888,20220224
49584,3,경주여행,여행,국내여행,경상북도,317,1165,1482,20220224
49585,4,여수여행,여행,국내여행,전라남도,286,975,1261,20220224
49586,5,강릉여행,여행,국내여행,강원도,325,889,1214,20220224
49587,6,대구여행,여행,국내여행,대구광역시,175,777,952,20220224
49588,7,전주여행,여행,국내여행,전라북도,207,686,893,20220224
49589,8,속초여행,여행,국내여행,강원도,232,594,826,20220224
49590,9,군산여행,여행,국내여행,전라북도,174,642,816,20220224
49591,10,남해여행,여행,국내여행,경상남도,180,629,809,20220224
49562,1,부산여행,여행,국내여행,부산광역시,549,1681,2230,20220222
49563,2,제주여행,여행,국내여행,제주특별자치도,442,1706,2148,20220222
49564,3,경주여행,여행,국내여행,경상북도,354,1127,1481,20220222
49565,4,강릉여행,여행,국내여행,강원도,324,968,1292,20220222
49566,5,여수여행,여행,국내여행,전라남도,302,989,1291,20220222
49567,6,전주여행,여행,국내여행,전라북도,224,713,937,20220222
49568,7,군산여행,여행,국내여행,전라북도,191,681,872,20220222
49569,8,속초여행,여행,국내여행,강원도,219,636,855,20220222
49570,9,남해여행,여행,국내여행,경상남도,196,588,784,20220222
49571,10,포항여행,여행,국내여행,경상북도,140,403,543,20220222
49472,1,부산여행,여행,국내여행,부산광역시,362,2173,2535,20220213
49473,2,제주여행,여행,국내여행,제주특별자치도,224,2135,2359,20220213
49474,3,경주여행,여행,국내여행,경상북도,166,1391,1557,20220213
49475,4,강릉여행,여행,국내여행,강원도,135,1300,1435,20220213
49476,5,여수여행,여행,국내여행,전라남도,140,1222,1362,20220213
49477,6,전주여행,여행,국내여행,전라북도,112,803,915,20220213
49478,7,군산여행,여행,국내여행,전라북도,79,806,885,20220213
49479,8,속초여행,여행,국내여행,강원도,97,774,871,20220213
49480,9,남해여행,여행,국내여행,경상남도,81,689,770,20220213
49481,10,대구여행,여행,국내여행,대구광역시,65,500,565,20220213
49542,1,부산여행,여행,국내여행,부산광역시,320,2176,2496,20220220
49543,2,제주여행,여행,국내여행,제주특별자치도,253,2100,2353,20220220
49544,3,경주여행,여행,국내여행,경상북도,171,1442,1613,20220220
49545,4,강릉여행,여행,국내여행,강원도,181,1328,1509,20220220
49546,5,여수여행,여행,국내여행,전라남도,142,1247,1389,20220220
49547,6,전주여행,여행,국내여행,전라북도,110,902,1012,20220220
49548,7,군산여행,여행,국내여행,전라북도,85,864,949,20220220
49549,8,속초여행,여행,국내여행,강원도,108,834,942,20220220
49550,9,남해여행,여행,국내여행,경상남도,108,688,796,20220220
49551,10,대구여행,여행,국내여행,대구광역시,71,564,635,20220220
49512,1,부산여행,여행,국내여행,부산광역시,549,1760,2309,20220217
49513,2,제주여행,여행,국내여행,제주특별자치도,407,1650,2057,20220217
49514,3,강릉여행,여행,국내여행,강원도,321,1030,1351,20220217
49515,4,경주여행,여행,국내여행,경상북도,298,1033,1331,20220217
49516,5,여수여행,여행,국내여행,전라남도,280,923,1203,20220217
49517,6,속초여행,여행,국내여행,강원도,231,666,897,20220217
49518,7,군산여행,여행,국내여행,전라북도,175,616,791,20220217
49519,8,전주여행,여행,국내여행,전라북도,174,607,781,20220217
49520,9,남해여행,여행,국내여행,경상남도,195,538,733,20220217
49521,10,포항여행,여행,국내여행,경상북도,132,372,504,20220217
49492,1,부산여행,여행,국내여행,부산광역시,658,1716,2374,20220215
49493,2,제주여행,여행,국내여행,제주특별자치도,454,1737,2191,20220215
49494,3,경주여행,여행,국내여행,경상북도,337,1122,1459,20220215
49495,4,강릉여행,여행,국내여행,강원도,314,1084,1398,20220215
49496,5,여수여행,여행,국내여행,전라남도,255,1002,1257,20220215
49497,6,전주여행,여행,국내여행,전라북도,213,673,886,20220215
49498,7,속초여행,여행,국내여행,강원도,214,601,815,20220215
49499,8,군산여행,여행,국내여행,전라북도,198,550,748,20220215
49500,9,남해여행,여행,국내여행,경상남도,199,496,695,20220215
49501,10,춘천여행,여행,국내여행,강원도,149,424,573,20220215
49552,1,부산여행,여행,국내여행,부산광역시,595,1740,2335,20220221
49553,2,제주여행,여행,국내여행,제주특별자치도,560,1749,2309,20220221
49554,3,경주여행,여행,국내여행,경상북도,378,1219,1597,20220221
49555,4,여수여행,여행,국내여행,전라남도,333,1092,1425,20220221
49556,5,강릉여행,여행,국내여행,강원도,331,1048,1379,20220221
49557,6,전주여행,여행,국내여행,전라북도,252,678,930,20220221
49558,7,군산여행,여행,국내여행,전라북도,194,720,914,20220221
49559,8,속초여행,여행,국내여행,강원도,224,638,862,20220221
49560,9,남해여행,여행,국내여행,경상남도,201,624,825,20220221
49561,10,포항여행,여행,국내여행,경상북도,142,416,558,20220221
49332,1,부산여행,여행,국내여행,부산광역시,283,2411,2694,20220130
49333,2,제주여행,여행,국내여행,제주특별자치도,141,1806,1947,20220130
49334,3,여수여행,여행,국내여행,전라남도,147,1376,1523,20220130
49335,4,강릉여행,여행,국내여행,강원도,149,1294,1443,20220130
49336,5,경주여행,여행,국내여행,경상북도,122,1274,1396,20220130
49337,6,군산여행,여행,국내여행,전라북도,76,977,1053,20220130
49338,7,속초여행,여행,국내여행,강원도,85,919,1004,20220130
49339,8,전주여행,여행,국내여행,전라북도,74,854,928,20220130
49340,9,남해여행,여행,국내여행,경상남도,69,681,750,20220130
49341,10,춘천여행,여행,국내여행,강원도,59,668,727,20220130
49452,1,부산여행,여행,국내여행,부산광역시,472,1717,2189,20220211
49453,2,제주여행,여행,국내여행,제주특별자치도,434,1682,2116,20220211
49454,3,강릉여행,여행,국내여행,강원도,293,1164,1457,20220211
49455,4,여수여행,여행,국내여행,전라남도,246,1026,1272,20220211
49456,5,경주여행,여행,국내여행,경상북도,239,973,1212,20220211
49457,6,속초여행,여행,국내여행,강원도,181,706,887,20220211
49458,7,전주여행,여행,국내여행,전라북도,175,630,805,20220211
49459,8,군산여행,여행,국내여행,전라북도,179,575,754,20220211
49460,9,남해여행,여행,국내여행,경상남도,175,483,658,20220211
49461,10,춘천여행,여행,국내여행,강원도,135,444,579,20220211
49382,1,부산여행,여행,국내여행,부산광역시,619,2073,2692,20220204
49383,2,제주여행,여행,국내여행,제주특별자치도,403,1816,2219,20220204
49384,3,강릉여행,여행,국내여행,강원도,300,1201,1501,20220204
49385,4,경주여행,여행,국내여행,경상북도,254,1145,1399,20220204
49386,5,여수여행,여행,국내여행,전라남도,247,1098,1345,20220204
49387,6,속초여행,여행,국내여행,강원도,190,688,878,20220204
49388,7,전주여행,여행,국내여행,전라북도,197,663,860,20220204
49389,8,군산여행,여행,국내여행,전라북도,174,661,835,20220204
49390,9,남해여행,여행,국내여행,경상남도,175,458,633,20220204
49391,10,포항여행,여행,국내여행,경상북도,144,481,625,20220204
49312,1,부산여행,여행,국내여행,부산광역시,568,2013,2581,20220128
49313,2,제주여행,여행,국내여행,제주특별자치도,368,1602,1970,20220128
49314,3,경주여행,여행,국내여행,경상북도,239,1071,1310,20220128
49315,4,강릉여행,여행,국내여행,강원도,300,947,1247,20220128
49316,5,여수여행,여행,국내여행,전라남도,208,995,1203,20220128
49317,6,전주여행,여행,국내여행,전라북도,162,651,813,20220128
49318,7,속초여행,여행,국내여행,강원도,169,621,790,20220128
49319,8,군산여행,여행,국내여행,전라북도,153,608,761,20220128
49320,9,남해여행,여행,국내여행,경상남도,151,454,605,20220128
49321,10,춘천여행,여행,국내여행,강원도,127,453,580,20220128
49302,1,부산여행,여행,국내여행,부산광역시,498,2012,2510,20220127
49303,2,제주여행,여행,국내여행,제주특별자치도,427,1668,2095,20220127
49304,3,경주여행,여행,국내여행,경상북도,301,961,1262,20220127
49305,4,여수여행,여행,국내여행,전라남도,252,995,1247,20220127
49306,5,강릉여행,여행,국내여행,강원도,318,911,1229,20220127
49307,6,속초여행,여행,국내여행,강원도,213,648,861,20220127
49308,7,전주여행,여행,국내여행,전라북도,193,654,847,20220127
49309,8,군산여행,여행,국내여행,전라북도,162,549,711,20220127
49310,9,남해여행,여행,국내여행,경상남도,164,452,616,20220127
49311,10,포항여행,여행,국내여행,경상북도,149,406,555,20220127
49352,1,부산여행,여행,국내여행,부산광역시,271,2149,2420,20220201
49353,2,제주여행,여행,국내여행,제주특별자치도,155,1725,1880,20220201
49354,3,강릉여행,여행,국내여행,강원도,118,1056,1174,20220201
49355,4,여수여행,여행,국내여행,전라남도,114,1036,1150,20220201
49356,5,경주여행,여행,국내여행,경상북도,115,1028,1143,20220201
49357,6,군산여행,여행,국내여행,전라북도,75,677,752,20220201
49358,7,속초여행,여행,국내여행,강원도,75,637,712,20220201
49359,8,전주여행,여행,국내여행,전라북도,83,626,709,20220201
49360,9,포항여행,여행,국내여행,경상북도,55,595,650,20220201
49361,10,남해여행,여행,국내여행,경상남도,72,550,622,20220201
49322,1,부산여행,여행,국내여행,부산광역시,311,2498,2809,20220129
49323,2,제주여행,여행,국내여행,제주특별자치도,150,1749,1899,20220129
49324,3,강릉여행,여행,국내여행,강원도,154,1319,1473,20220129
49325,4,여수여행,여행,국내여행,전라남도,146,1325,1471,20220129
49326,5,경주여행,여행,국내여행,경상북도,142,1255,1397,20220129
49327,6,속초여행,여행,국내여행,강원도,107,903,1010,20220129
49328,7,군산여행,여행,국내여행,전라북도,77,854,931,20220129
49329,8,전주여행,여행,국내여행,전라북도,101,769,870,20220129
49330,9,남해여행,여행,국내여행,경상남도,91,638,729,20220129
49331,10,춘천여행,여행,국내여행,강원도,57,612,669,20220129
49392,1,부산여행,여행,국내여행,부산광역시,336,2158,2494,20220205
49393,2,제주여행,여행,국내여행,제주특별자치도,195,2139,2334,20220205
49394,3,강릉여행,여행,국내여행,강원도,176,1303,1479,20220205
49395,4,경주여행,여행,국내여행,경상북도,120,1200,1320,20220205
49396,5,여수여행,여행,국내여행,전라남도,148,1120,1268,20220205
49397,6,전주여행,여행,국내여행,전라북도,120,667,787,20220205
49398,7,군산여행,여행,국내여행,전라북도,74,700,774,20220205
49399,8,속초여행,여행,국내여행,강원도,96,667,763,20220205
49400,9,남해여행,여행,국내여행,경상남도,70,510,580,20220205
49401,10,포항여행,여행,국내여행,경상북도,58,498,556,20220205
49362,1,부산여행,여행,국내여행,부산광역시,362,2443,2805,20220202
49363,2,제주여행,여행,국내여행,제주특별자치도,206,2352,2558,20220202
49364,3,강릉여행,여행,국내여행,강원도,167,1501,1668,20220202
49365,4,경주여행,여행,국내여행,경상북도,169,1443,1612,20220202
49366,5,여수여행,여행,국내여행,전라남도,149,1182,1331,20220202
49367,6,군산여행,여행,국내여행,전라북도,108,836,944,20220202
49368,7,전주여행,여행,국내여행,전라북도,113,791,904,20220202
49369,8,속초여행,여행,국내여행,강원도,102,730,832,20220202
49370,9,남해여행,여행,국내여행,경상남도,118,697,815,20220202
49371,10,포항여행,여행,국내여행,경상북도,70,628,698,20220202
49262,1,부산여행,여행,국내여행,부산광역시,427,2956,3383,20220123
49263,2,제주여행,여행,국내여행,제주특별자치도,250,2513,2763,20220123
49264,3,경주여행,여행,국내여행,경상북도,194,1482,1676,20220123
49265,4,여수여행,여행,국내여행,전라남도,190,1446,1636,20220123
49266,5,강릉여행,여행,국내여행,강원도,155,1442,1597,20220123
49267,6,군산여행,여행,국내여행,전라북도,87,1013,1100,20220123
49268,7,전주여행,여행,국내여행,전라북도,110,901,1011,20220123
49269,8,속초여행,여행,국내여행,강원도,125,763,888,20220123
49270,9,포항여행,여행,국내여행,경상북도,88,763,851,20220123
49271,10,남해여행,여행,국내여행,경상남도,99,710,809,20220123
49252,1,부산여행,여행,국내여행,부산광역시,368,2702,3070,20220122
49253,2,제주여행,여행,국내여행,제주특별자치도,223,2290,2513,20220122
49254,3,경주여행,여행,국내여행,경상북도,166,1279,1445,20220122
49255,4,강릉여행,여행,국내여행,강원도,151,1259,1410,20220122
49256,5,여수여행,여행,국내여행,전라남도,126,1263,1389,20220122
49257,6,군산여행,여행,국내여행,전라북도,81,906,987,20220122
49258,7,전주여행,여행,국내여행,전라북도,93,883,976,20220122
49259,8,속초여행,여행,국내여행,강원도,98,846,944,20220122
49260,9,춘천여행,여행,국내여행,강원도,64,657,721,20220122
49261,10,대구여행,여행,국내여행,대구광역시,78,584,662,20220122
49292,1,부산여행,여행,국내여행,부산광역시,667,2129,2796,20220126
49293,2,제주여행,여행,국내여행,제주특별자치도,434,1758,2192,20220126
49294,3,강릉여행,여행,국내여행,강원도,288,995,1283,20220126
49295,4,경주여행,여행,국내여행,경상북도,310,967,1277,20220126
49296,5,여수여행,여행,국내여행,전라남도,263,996,1259,20220126
49297,6,전주여행,여행,국내여행,전라북도,214,692,906,20220126
49298,7,속초여행,여행,국내여행,강원도,195,578,773,20220126
49299,8,군산여행,여행,국내여행,전라북도,171,556,727,20220126
49300,9,남해여행,여행,국내여행,경상남도,179,495,674,20220126
49301,10,포항여행,여행,국내여행,경상북도,151,485,636,20220126
49222,1,부산여행,여행,국내여행,부산광역시,811,2371,3182,20220119
49223,2,제주여행,여행,국내여행,제주특별자치도,406,1868,2274,20220119
49224,3,여수여행,여행,국내여행,전라남도,293,1043,1336,20220119
49225,4,강릉여행,여행,국내여행,강원도,306,1009,1315,20220119
49226,5,경주여행,여행,국내여행,경상북도,284,1025,1309,20220119
49227,6,전주여행,여행,국내여행,전라북도,200,612,812,20220119
49228,7,속초여행,여행,국내여행,강원도,198,583,781,20220119
49229,8,군산여행,여행,국내여행,전라북도,162,580,742,20220119
49230,9,대구여행,여행,국내여행,대구광역시,139,484,623,20220119
49231,10,남해여행,여행,국내여행,경상남도,153,467,620,20220119
49272,1,부산여행,여행,국내여행,부산광역시,725,2563,3288,20220124
49273,2,제주여행,여행,국내여행,제주특별자치도,546,2175,2721,20220124
49274,3,여수여행,여행,국내여행,전라남도,375,1227,1602,20220124
49275,4,경주여행,여행,국내여행,경상북도,314,1241,1555,20220124
49276,5,강릉여행,여행,국내여행,강원도,364,1112,1476,20220124
49277,6,전주여행,여행,국내여행,전라북도,224,742,966,20220124
49278,7,군산여행,여행,국내여행,전라북도,208,676,884,20220124
49279,8,속초여행,여행,국내여행,강원도,200,680,880,20220124
49280,9,남해여행,여행,국내여행,경상남도,233,527,760,20220124
49281,10,포항여행,여행,국내여행,경상북도,163,520,683,20220124
49232,1,부산여행,여행,국내여행,부산광역시,716,2212,2928,20220120
49233,2,제주여행,여행,국내여행,제주특별자치도,498,1804,2302,20220120
49234,3,강릉여행,여행,국내여행,강원도,290,1057,1347,20220120
49235,4,경주여행,여행,국내여행,경상북도,327,1019,1346,20220120
49236,5,여수여행,여행,국내여행,전라남도,297,965,1262,20220120
49237,6,전주여행,여행,국내여행,전라북도,225,696,921,20220120
49238,7,속초여행,여행,국내여행,강원도,222,675,897,20220120
49239,8,군산여행,여행,국내여행,전라북도,168,678,846,20220120
49240,9,남해여행,여행,국내여행,경상남도,172,462,634,20220120
49241,10,포항여행,여행,국내여행,경상북도,158,471,629,20220120
49202,1,부산여행,여행,국내여행,부산광역시,759,2634,3393,20220117
49203,2,제주여행,여행,국내여행,제주특별자치도,596,2068,2664,20220117
49204,3,여수여행,여행,국내여행,전라남도,269,1265,1534,20220117
49205,4,경주여행,여행,국내여행,경상북도,300,1145,1445,20220117
49206,5,강릉여행,여행,국내여행,강원도,320,1121,1441,20220117
49207,6,전주여행,여행,국내여행,전라북도,222,775,997,20220117
49208,7,속초여행,여행,국내여행,강원도,219,776,995,20220117
49209,8,군산여행,여행,국내여행,전라북도,176,628,804,20220117
49210,9,남해여행,여행,국내여행,경상남도,190,576,766,20220117
49211,10,포항여행,여행,국내여행,경상북도,153,533,686,20220117
49192,1,부산여행,여행,국내여행,부산광역시,472,3325,3797,20220116
49193,2,제주여행,여행,국내여행,제주특별자치도,279,2331,2610,20220116
49194,3,강릉여행,여행,국내여행,강원도,219,1460,1679,20220116
49195,4,여수여행,여행,국내여행,전라남도,159,1460,1619,20220116
49196,5,경주여행,여행,국내여행,경상북도,163,1452,1615,20220116
49197,6,전주여행,여행,국내여행,전라북도,111,922,1033,20220116
49198,7,속초여행,여행,국내여행,강원도,99,907,1006,20220116
49199,8,군산여행,여행,국내여행,전라북도,105,896,1001,20220116
49200,9,남해여행,여행,국내여행,경상남도,92,786,878,20220116
49201,10,포항여행,여행,국내여행,경상북도,90,683,773,20220116
49242,1,부산여행,여행,국내여행,부산광역시,597,2260,2857,20220121
49243,2,제주여행,여행,국내여행,제주특별자치도,346,1814,2160,20220121
49244,3,강릉여행,여행,국내여행,강원도,311,1099,1410,20220121
49245,4,여수여행,여행,국내여행,전라남도,277,1049,1326,20220121
49246,5,경주여행,여행,국내여행,경상북도,306,982,1288,20220121
49247,6,속초여행,여행,국내여행,강원도,221,712,933,20220121
49248,7,전주여행,여행,국내여행,전라북도,201,722,923,20220121
49249,8,군산여행,여행,국내여행,전라북도,161,665,826,20220121
49250,9,대구여행,여행,국내여행,대구광역시,138,514,652,20220121
49251,10,춘천여행,여행,국내여행,강원도,141,510,651,20220121
49212,1,부산여행,여행,국내여행,부산광역시,647,2354,3001,20220118
49213,2,제주여행,여행,국내여행,제주특별자치도,522,1988,2510,20220118
49214,3,경주여행,여행,국내여행,경상북도,329,1129,1458,20220118
49215,4,여수여행,여행,국내여행,전라남도,294,1164,1458,20220118
49216,5,강릉여행,여행,국내여행,강원도,328,1075,1403,20220118
49217,6,전주여행,여행,국내여행,전라북도,219,709,928,20220118
49218,7,군산여행,여행,국내여행,전라북도,189,695,884,20220118
49219,8,속초여행,여행,국내여행,강원도,206,675,881,20220118
49220,9,포항여행,여행,국내여행,경상북도,154,560,714,20220118
49221,10,남해여행,여행,국내여행,경상남도,188,475,663,20220118
49282,1,부산여행,여행,국내여행,부산광역시,664,2150,2814,20220125
49283,2,제주여행,여행,국내여행,제주특별자치도,510,1821,2331,20220125
49284,3,경주여행,여행,국내여행,경상북도,322,1096,1418,20220125
49285,4,여수여행,여행,국내여행,전라남도,343,1034,1377,20220125
49286,5,강릉여행,여행,국내여행,강원도,295,1081,1376,20220125
49287,6,전주여행,여행,국내여행,전라북도,209,723,932,20220125
49288,7,속초여행,여행,국내여행,강원도,207,595,802,20220125
49289,8,군산여행,여행,국내여행,전라북도,179,587,766,20220125
49290,9,남해여행,여행,국내여행,경상남도,184,489,673,20220125
49291,10,포항여행,여행,국내여행,경상북도,154,456,610,20220125
49182,1,부산여행,여행,국내여행,부산광역시,407,2751,3158,20220115
49183,2,제주여행,여행,국내여행,제주특별자치도,246,2093,2339,20220115
49184,3,경주여행,여행,국내여행,경상북도,157,1411,1568,20220115
49185,4,강릉여행,여행,국내여행,강원도,163,1348,1511,20220115
49186,5,여수여행,여행,국내여행,전라남도,147,1323,1470,20220115
49187,6,군산여행,여행,국내여행,전라북도,91,881,972,20220115
49188,7,전주여행,여행,국내여행,전라북도,106,862,968,20220115
49189,8,속초여행,여행,국내여행,강원도,102,850,952,20220115
49190,9,포항여행,여행,국내여행,경상북도,89,665,754,20220115
49191,10,대구여행,여행,국내여행,대구광역시,84,612,696,20220115
49152,1,부산여행,여행,국내여행,부산광역시,803,2464,3267,20220112
49153,2,제주여행,여행,국내여행,제주특별자치도,540,2293,2833,20220112
49154,3,강릉여행,여행,국내여행,강원도,326,1244,1570,20220112
49155,4,경주여행,여행,국내여행,경상북도,336,1163,1499,20220112
49156,5,여수여행,여행,국내여행,전라남도,262,1054,1316,20220112
49157,6,전주여행,여행,국내여행,전라북도,207,686,893,20220112
49158,7,속초여행,여행,국내여행,강원도,220,591,811,20220112
49159,8,군산여행,여행,국내여행,전라북도,191,576,767,20220112
49160,9,포항여행,여행,국내여행,경상북도,175,502,677,20220112
49161,10,남해여행,여행,국내여행,경상남도,170,471,641,20220112
49162,1,부산여행,여행,국내여행,부산광역시,778,2469,3247,20220113
49163,2,제주여행,여행,국내여행,제주특별자치도,531,2220,2751,20220113
49164,3,강릉여행,여행,국내여행,강원도,322,1185,1507,20220113
49165,4,경주여행,여행,국내여행,경상북도,340,1136,1476,20220113
49166,5,여수여행,여행,국내여행,전라남도,300,1041,1341,20220113
49167,6,속초여행,여행,국내여행,강원도,232,709,941,20220113
49168,7,전주여행,여행,국내여행,전라북도,223,685,908,20220113
49169,8,군산여행,여행,국내여행,전라북도,204,617,821,20220113
49170,9,포항여행,여행,국내여행,경상북도,172,475,647,20220113
49171,10,대구여행,여행,국내여행,대구광역시,147,486,633,20220113
49092,1,부산여행,여행,국내여행,부산광역시,671,2385,3056,20220106
49093,2,제주여행,여행,국내여행,제주특별자치도,551,1916,2467,20220106
49094,3,경주여행,여행,국내여행,경상북도,330,1104,1434,20220106
49095,4,강릉여행,여행,국내여행,강원도,354,1058,1412,20220106
49096,5,여수여행,여행,국내여행,전라남도,272,1095,1367,20220106
49097,6,전주여행,여행,국내여행,전라북도,189,679,868,20220106
49098,7,속초여행,여행,국내여행,강원도,213,639,852,20220106
49099,8,군산여행,여행,국내여행,전라북도,179,599,778,20220106
49100,9,포항여행,여행,국내여행,경상북도,158,502,660,20220106
49101,10,대구여행,여행,국내여행,대구광역시,153,449,602,20220106
49172,1,부산여행,여행,국내여행,부산광역시,673,2245,2918,20220114
49173,2,제주여행,여행,국내여행,제주특별자치도,495,1891,2386,20220114
49174,3,강릉여행,여행,국내여행,강원도,328,1151,1479,20220114
49175,4,경주여행,여행,국내여행,경상북도,320,1124,1444,20220114
49176,5,여수여행,여행,국내여행,전라남도,304,1034,1338,20220114
49177,6,속초여행,여행,국내여행,강원도,205,723,928,20220114
49178,7,전주여행,여행,국내여행,전라북도,197,682,879,20220114
49179,8,군산여행,여행,국내여행,전라북도,190,677,867,20220114
49180,9,춘천여행,여행,국내여행,강원도,151,541,692,20220114
49181,10,포항여행,여행,국내여행,경상북도,146,545,691,20220114
49112,1,부산여행,여행,국내여행,부산광역시,417,3035,3452,20220108
49113,2,제주여행,여행,국내여행,제주특별자치도,308,2568,2876,20220108
49114,3,강릉여행,여행,국내여행,강원도,150,1301,1451,20220108
49115,4,경주여행,여행,국내여행,경상북도,118,1313,1431,20220108
49116,5,여수여행,여행,국내여행,전라남도,157,1264,1421,20220108
49117,6,군산여행,여행,국내여행,전라북도,84,872,956,20220108
49118,7,속초여행,여행,국내여행,강원도,103,843,946,20220108
49119,8,전주여행,여행,국내여행,전라북도,88,768,856,20220108
49120,9,남해여행,여행,국내여행,경상남도,98,605,703,20220108
49121,10,포항여행,여행,국내여행,경상북도,89,588,677,20220108
49102,1,부산여행,여행,국내여행,부산광역시,668,2552,3220,20220107
49103,2,제주여행,여행,국내여행,제주특별자치도,475,2092,2567,20220107
49104,3,강릉여행,여행,국내여행,강원도,293,1177,1470,20220107
49105,4,경주여행,여행,국내여행,경상북도,288,1158,1446,20220107
49106,5,여수여행,여행,국내여행,전라남도,259,1115,1374,20220107
49107,6,속초여행,여행,국내여행,강원도,214,762,976,20220107
49108,7,군산여행,여행,국내여행,전라북도,173,726,899,20220107
49109,8,전주여행,여행,국내여행,전라북도,180,688,868,20220107
49110,9,남해여행,여행,국내여행,경상남도,160,509,669,20220107
49111,10,포항여행,여행,국내여행,경상북도,145,519,664,20220107
49122,1,부산여행,여행,국내여행,부산광역시,455,3167,3622,20220109
49123,2,제주여행,여행,국내여행,제주특별자치도,317,2920,3237,20220109
49124,3,경주여행,여행,국내여행,경상북도,155,1565,1720,20220109
49125,4,강릉여행,여행,국내여행,강원도,202,1449,1651,20220109
49126,5,여수여행,여행,국내여행,전라남도,181,1367,1548,20220109
49127,6,군산여행,여행,국내여행,전라북도,98,854,952,20220109
49128,7,전주여행,여행,국내여행,전라북도,86,861,947,20220109
49129,8,춘천여행,여행,국내여행,강원도,69,876,945,20220109
49130,9,속초여행,여행,국내여행,강원도,112,793,905,20220109
49131,10,포항여행,여행,국내여행,경상북도,84,693,777,20220109
49132,1,부산여행,여행,국내여행,부산광역시,732,2603,3335,20220110
49133,2,제주여행,여행,국내여행,제주특별자치도,689,2455,3144,20220110
49134,3,경주여행,여행,국내여행,경상북도,427,1386,1813,20220110
49135,4,여수여행,여행,국내여행,전라남도,327,1223,1550,20220110
49136,5,강릉여행,여행,국내여행,강원도,312,1170,1482,20220110
49137,6,속초여행,여행,국내여행,강원도,223,727,950,20220110
49138,7,전주여행,여행,국내여행,전라북도,210,701,911,20220110
49139,8,춘천여행,여행,국내여행,강원도,181,624,805,20220110
49140,9,군산여행,여행,국내여행,전라북도,189,569,758,20220110
49141,10,대구여행,여행,국내여행,대구광역시,180,517,697,20220110
49052,1,부산여행,여행,국내여행,부산광역시,393,2676,3069,20220102
49053,2,제주여행,여행,국내여행,제주특별자치도,257,2066,2323,20220102
49054,3,경주여행,여행,국내여행,경상북도,142,1336,1478,20220102
49055,4,여수여행,여행,국내여행,전라남도,131,1299,1430,20220102
49056,5,강릉여행,여행,국내여행,강원도,173,1239,1412,20220102
49057,6,전주여행,여행,국내여행,전라북도,90,815,905,20220102
49058,7,속초여행,여행,국내여행,강원도,89,772,861,20220102
49059,8,군산여행,여행,국내여행,전라북도,93,750,843,20220102
49060,9,포항여행,여행,국내여행,경상북도,59,707,766,20220102
49061,10,춘천여행,여행,국내여행,강원도,54,676,730,20220102
49022,1,부산여행,여행,국내여행,부산광역시,577,2235,2812,20211230
49023,2,제주여행,여행,국내여행,제주특별자치도,374,1606,1980,20211230
49024,3,경주여행,여행,국내여행,경상북도,240,1108,1348,20211230
49025,4,강릉여행,여행,국내여행,강원도,249,1095,1344,20211230
49026,5,여수여행,여행,국내여행,전라남도,236,1049,1285,20211230
49027,6,속초여행,여행,국내여행,강원도,176,673,849,20211230
49028,7,전주여행,여행,국내여행,전라북도,141,569,710,20211230
49029,8,군산여행,여행,국내여행,전라북도,138,545,683,20211230
49030,9,포항여행,여행,국내여행,경상북도,144,516,660,20211230
49031,10,남해여행,여행,국내여행,경상남도,136,442,578,20211230
49012,1,부산여행,여행,국내여행,부산광역시,673,2256,2929,20211229
49013,2,제주여행,여행,국내여행,제주특별자치도,463,1691,2154,20211229
49014,3,여수여행,여행,국내여행,전라남도,260,1143,1403,20211229
49015,4,강릉여행,여행,국내여행,강원도,261,1115,1376,20211229
49016,5,경주여행,여행,국내여행,경상북도,282,1037,1319,20211229
49017,6,속초여행,여행,국내여행,강원도,209,713,922,20211229
49018,7,전주여행,여행,국내여행,전라북도,188,626,814,20211229
49019,8,군산여행,여행,국내여행,전라북도,157,606,763,20211229
49020,9,포항여행,여행,국내여행,경상북도,130,508,638,20211229
49021,10,남해여행,여행,국내여행,경상남도,141,457,598,20211229
49142,1,부산여행,여행,국내여행,부산광역시,852,2523,3375,20220111
49143,2,제주여행,여행,국내여행,제주특별자치도,716,2341,3057,20220111
49144,3,경주여행,여행,국내여행,경상북도,375,1223,1598,20220111
49145,4,강릉여행,여행,국내여행,강원도,371,1204,1575,20220111
49146,5,여수여행,여행,국내여행,전라남도,282,1120,1402,20220111
49147,6,속초여행,여행,국내여행,강원도,218,679,897,20220111
49148,7,전주여행,여행,국내여행,전라북도,200,653,853,20220111
49149,8,군산여행,여행,국내여행,전라북도,223,605,828,20220111
49150,9,남해여행,여행,국내여행,경상남도,189,540,729,20220111
49151,10,춘천여행,여행,국내여행,강원도,148,562,710,20220111
49082,1,부산여행,여행,국내여행,부산광역시,723,2246,2969,20220105
49083,2,제주여행,여행,국내여행,제주특별자치도,562,2057,2619,20220105
49084,3,경주여행,여행,국내여행,경상북도,317,1149,1466,20220105
49085,4,여수여행,여행,국내여행,전라남도,292,1151,1443,20220105
49086,5,강릉여행,여행,국내여행,강원도,317,1091,1408,20220105
49087,6,전주여행,여행,국내여행,전라북도,179,661,840,20220105
49088,7,속초여행,여행,국내여행,강원도,169,652,821,20220105
49089,8,군산여행,여행,국내여행,전라북도,172,591,763,20220105
49090,9,포항여행,여행,국내여행,경상북도,146,549,695,20220105
49091,10,대구여행,여행,국내여행,대구광역시,138,503,641,20220105
49062,1,부산여행,여행,국내여행,부산광역시,689,2262,2951,20220103
49063,2,제주여행,여행,국내여행,제주특별자치도,565,1993,2558,20220103
49064,3,경주여행,여행,국내여행,경상북도,290,1149,1439,20220103
49065,4,강릉여행,여행,국내여행,강원도,266,1161,1427,20220103
49066,5,여수여행,여행,국내여행,전라남도,304,1048,1352,20220103
49067,6,전주여행,여행,국내여행,전라북도,181,621,802,20220103
49068,7,속초여행,여행,국내여행,강원도,182,614,796,20220103
49069,8,군산여행,여행,국내여행,전라북도,192,599,791,20220103
49070,9,포항여행,여행,국내여행,경상북도,143,515,658,20220103
49071,10,대구여행,여행,국내여행,대구광역시,139,473,612,20220103
49072,1,부산여행,여행,국내여행,부산광역시,656,2086,2742,20220104
49073,2,제주여행,여행,국내여행,제주특별자치도,508,1812,2320,20220104
49074,3,경주여행,여행,국내여행,경상북도,304,1139,1443,20220104
49075,4,여수여행,여행,국내여행,전라남도,327,1083,1410,20220104
49076,5,강릉여행,여행,국내여행,강원도,337,1046,1383,20220104
49077,6,전주여행,여행,국내여행,전라북도,201,642,843,20220104
49078,7,속초여행,여행,국내여행,강원도,184,623,807,20220104
49079,8,군산여행,여행,국내여행,전라북도,202,531,733,20220104
49080,9,포항여행,여행,국내여행,경상북도,173,538,711,20220104
49081,10,대구여행,여행,국내여행,대구광역시,164,464,628,20220104
48942,1,부산여행,여행,국내여행,부산광역시,674,2142,2816,20211227
48943,2,제주여행,여행,국내여행,제주특별자치도,403,1755,2158,20211227
48944,3,강릉여행,여행,국내여행,강원도,321,1088,1409,20211227
48945,4,여수여행,여행,국내여행,전라남도,283,1080,1363,20211227
48946,5,경주여행,여행,국내여행,경상북도,301,1038,1339,20211227
48947,6,전주여행,여행,국내여행,전라북도,193,641,834,20211227
48948,7,속초여행,여행,국내여행,강원도,227,605,832,20211227
48949,8,군산여행,여행,국내여행,전라북도,185,583,768,20211227
48950,9,포항여행,여행,국내여행,경상북도,158,486,644,20211227
48951,10,대구여행,여행,국내여행,대구광역시,149,482,631,20211227
49032,1,부산여행,여행,국내여행,부산광역시,466,2077,2543,20211231
49033,2,제주여행,여행,국내여행,제주특별자치도,357,1264,1621,20211231
49034,3,강릉여행,여행,국내여행,강원도,185,1018,1203,20211231
49035,4,여수여행,여행,국내여행,전라남도,195,956,1151,20211231
49036,5,경주여행,여행,국내여행,경상북도,156,897,1053,20211231
49037,6,속초여행,여행,국내여행,강원도,124,577,701,20211231
49038,7,전주여행,여행,국내여행,전라북도,111,570,681,20211231
49039,8,군산여행,여행,국내여행,전라북도,94,579,673,20211231
49040,9,포항여행,여행,국내여행,경상북도,94,529,623,20211231
49041,10,남해여행,여행,국내여행,경상남도,114,468,582,20211231
49002,1,부산여행,여행,국내여행,부산광역시,598,2196,2794,20211228
49003,2,제주여행,여행,국내여행,제주특별자치도,455,1665,2120,20211228
49004,3,여수여행,여행,국내여행,전라남도,320,1053,1373,20211228
49005,4,강릉여행,여행,국내여행,강원도,287,1040,1327,20211228
49006,5,경주여행,여행,국내여행,경상북도,247,1027,1274,20211228
49007,6,속초여행,여행,국내여행,강원도,191,643,834,20211228
49008,7,전주여행,여행,국내여행,전라북도,183,592,775,20211228
49009,8,군산여행,여행,국내여행,전라북도,167,567,734,20211228
49010,9,남해여행,여행,국내여행,경상남도,182,504,686,20211228
49011,10,대구여행,여행,국내여행,대구광역시,120,473,593,20211228
48912,1,부산여행,여행,국내여행,부산광역시,478,1552,2030,20211224
48913,2,제주여행,여행,국내여행,제주특별자치도,284,1165,1449,20211224
48914,3,여수여행,여행,국내여행,전라남도,235,833,1068,20211224
48915,4,경주여행,여행,국내여행,경상북도,209,748,957,20211224
48916,5,강릉여행,여행,국내여행,강원도,191,760,951,20211224
48917,6,속초여행,여행,국내여행,강원도,155,493,648,20211224
48918,7,전주여행,여행,국내여행,전라북도,150,477,627,20211224
48919,8,군산여행,여행,국내여행,전라북도,120,479,599,20211224
48920,9,포항여행,여행,국내여행,경상북도,139,382,521,20211224
48921,10,목포여행,여행,국내여행,전라남도,102,323,425,20211224
48842,1,부산여행,여행,국내여행,부산광역시,409,1539,1948,20211217
48843,2,제주여행,여행,국내여행,제주특별자치도,294,1237,1531,20211217
48844,3,강릉여행,여행,국내여행,강원도,223,761,984,20211217
48845,4,경주여행,여행,국내여행,경상북도,245,715,960,20211217
48846,5,여수여행,여행,국내여행,전라남도,218,718,936,20211217
48847,6,속초여행,여행,국내여행,강원도,179,512,691,20211217
48848,7,전주여행,여행,국내여행,전라북도,150,400,550,20211217
48849,8,군산여행,여행,국내여행,전라북도,123,357,480,20211217
48850,9,남해여행,여행,국내여행,경상남도,131,346,477,20211217
48851,10,포항여행,여행,국내여행,경상북도,103,338,441,20211217
48902,1,부산여행,여행,국내여행,부산광역시,536,1745,2281,20211223
48903,2,제주여행,여행,국내여행,제주특별자치도,327,1399,1726,20211223
48904,3,여수여행,여행,국내여행,전라남도,252,975,1227,20211223
48905,4,강릉여행,여행,국내여행,강원도,271,903,1174,20211223
48906,5,경주여행,여행,국내여행,경상북도,271,832,1103,20211223
48907,6,속초여행,여행,국내여행,강원도,176,616,792,20211223
48908,7,전주여행,여행,국내여행,전라북도,173,546,719,20211223
48909,8,포항여행,여행,국내여행,경상북도,170,486,656,20211223
48910,9,군산여행,여행,국내여행,전라북도,163,481,644,20211223
48911,10,남해여행,여행,국내여행,경상남도,149,426,575,20211223
48832,1,부산여행,여행,국내여행,부산광역시,543,1628,2171,20211216
48833,2,제주여행,여행,국내여행,제주특별자치도,352,1588,1940,20211216
48834,3,강릉여행,여행,국내여행,강원도,272,818,1090,20211216
48835,4,경주여행,여행,국내여행,경상북도,254,790,1044,20211216
48836,5,여수여행,여행,국내여행,전라남도,245,764,1009,20211216
48837,6,속초여행,여행,국내여행,강원도,174,479,653,20211216
48838,7,전주여행,여행,국내여행,전라북도,147,447,594,20211216
48839,8,군산여행,여행,국내여행,전라북도,136,384,520,20211216
48840,9,포항여행,여행,국내여행,경상북도,137,381,518,20211216
48841,10,남해여행,여행,국내여행,경상남도,139,313,452,20211216
48862,1,부산여행,여행,국내여행,부산광역시,368,1975,2343,20211219
48863,2,제주여행,여행,국내여행,제주특별자치도,160,1709,1869,20211219
48864,3,강릉여행,여행,국내여행,강원도,153,1128,1281,20211219
48865,4,여수여행,여행,국내여행,전라남도,107,1015,1122,20211219
48866,5,경주여행,여행,국내여행,경상북도,157,962,1119,20211219
48867,6,목포여행,여행,국내여행,전라남도,53,862,915,20211219
48868,7,전주여행,여행,국내여행,전라북도,97,665,762,20211219
48869,8,속초여행,여행,국내여행,강원도,90,646,736,20211219
48870,9,군산여행,여행,국내여행,전라북도,79,510,589,20211219
48871,10,대구여행,여행,국내여행,대구광역시,73,512,585,20211219
48892,1,부산여행,여행,국내여행,부산광역시,573,1739,2312,20211222
48893,2,제주여행,여행,국내여행,제주특별자치도,344,1328,1672,20211222
48894,3,경주여행,여행,국내여행,경상북도,270,825,1095,20211222
48895,4,강릉여행,여행,국내여행,강원도,250,829,1079,20211222
48896,5,여수여행,여행,국내여행,전라남도,241,835,1076,20211222
48897,6,속초여행,여행,국내여행,강원도,208,521,729,20211222
48898,7,전주여행,여행,국내여행,전라북도,158,488,646,20211222
48899,8,포항여행,여행,국내여행,경상북도,162,463,625,20211222
48900,9,군산여행,여행,국내여행,전라북도,166,444,610,20211222
48901,10,남해여행,여행,국내여행,경상남도,170,373,543,20211222
49042,1,부산여행,여행,국내여행,부산광역시,270,2739,3009,20220101
49043,2,제주여행,여행,국내여행,제주특별자치도,147,1663,1810,20220101
49044,3,강릉여행,여행,국내여행,강원도,139,1219,1358,20220101
49045,4,여수여행,여행,국내여행,전라남도,118,1196,1314,20220101
49046,5,경주여행,여행,국내여행,경상북도,126,1154,1280,20220101
49047,6,군산여행,여행,국내여행,전라북도,68,970,1038,20220101
49048,7,속초여행,여행,국내여행,강원도,72,788,860,20220101
49049,8,전주여행,여행,국내여행,전라북도,88,745,833,20220101
49050,9,포항여행,여행,국내여행,경상북도,61,685,746,20220101
49051,10,남해여행,여행,국내여행,경상남도,55,561,616,20220101
48932,1,부산여행,여행,국내여행,부산광역시,389,2325,2714,20211226
48933,2,제주여행,여행,국내여행,제주특별자치도,211,2001,2212,20211226
48934,3,여수여행,여행,국내여행,전라남도,154,1271,1425,20211226
48935,4,강릉여행,여행,국내여행,강원도,184,1116,1300,20211226
48936,5,경주여행,여행,국내여행,경상북도,145,1102,1247,20211226
48937,6,전주여행,여행,국내여행,전라북도,101,711,812,20211226
48938,7,속초여행,여행,국내여행,강원도,113,688,801,20211226
48939,8,목포여행,여행,국내여행,전라남도,64,730,794,20211226
48940,9,군산여행,여행,국내여행,전라북도,80,655,735,20211226
48941,10,포항여행,여행,국내여행,경상북도,88,533,621,20211226
48922,1,부산여행,여행,국내여행,부산광역시,255,1937,2192,20211225
48923,2,제주여행,여행,국내여행,제주특별자치도,148,1525,1673,20211225
48924,3,여수여행,여행,국내여행,전라남도,119,1047,1166,20211225
48925,4,경주여행,여행,국내여행,경상북도,111,993,1104,20211225
48926,5,강릉여행,여행,국내여행,강원도,113,946,1059,20211225
48927,6,군산여행,여행,국내여행,전라북도,61,643,704,20211225
48928,7,전주여행,여행,국내여행,전라북도,56,646,702,20211225
48929,8,속초여행,여행,국내여행,강원도,84,548,632,20211225
48930,9,포항여행,여행,국내여행,경상북도,61,506,567,20211225
48931,10,목포여행,여행,국내여행,전라남도,57,464,521,20211225
48852,1,부산여행,여행,국내여행,부산광역시,237,1837,2074,20211218
48853,2,제주여행,여행,국내여행,제주특별자치도,169,1349,1518,20211218
48854,3,강릉여행,여행,국내여행,강원도,138,1031,1169,20211218
48855,4,경주여행,여행,국내여행,경상북도,100,840,940,20211218
48856,5,여수여행,여행,국내여행,전라남도,106,832,938,20211218
48857,6,속초여행,여행,국내여행,강원도,82,571,653,20211218
48858,7,전주여행,여행,국내여행,전라북도,72,545,617,20211218
48859,8,포항여행,여행,국내여행,경상북도,74,464,538,20211218
48860,9,군산여행,여행,국내여행,전라북도,49,430,479,20211218
48861,10,대구여행,여행,국내여행,대구광역시,61,406,467,20211218
48702,1,부산여행,여행,국내여행,부산광역시,496,1717,2213,20211203
48703,2,제주여행,여행,국내여행,제주특별자치도,335,1234,1569,20211203
48704,3,강릉여행,여행,국내여행,강원도,241,929,1170,20211203
48705,4,여수여행,여행,국내여행,전라남도,256,910,1166,20211203
48706,5,경주여행,여행,국내여행,경상북도,309,847,1156,20211203
48707,6,속초여행,여행,국내여행,강원도,213,591,804,20211203
48708,7,전주여행,여행,국내여행,전라북도,165,502,667,20211203
48709,8,군산여행,여행,국내여행,전라북도,183,425,608,20211203
48710,9,남해여행,여행,국내여행,경상남도,136,371,507,20211203
48711,10,포항여행,여행,국내여행,경상북도,121,376,497,20211203
48672,1,부산여행,여행,국내여행,부산광역시,721,2033,2754,20211130
48673,2,제주여행,여행,국내여행,제주특별자치도,422,1607,2029,20211130
48674,3,경주여행,여행,국내여행,경상북도,416,972,1388,20211130
48675,4,여수여행,여행,국내여행,전라남도,323,1043,1366,20211130
48676,5,강릉여행,여행,국내여행,강원도,313,926,1239,20211130
48677,6,전주여행,여행,국내여행,전라북도,200,512,712,20211130
48678,7,속초여행,여행,국내여행,강원도,212,491,703,20211130
48679,8,군산여행,여행,국내여행,전라북도,192,425,617,20211130
48680,9,포항여행,여행,국내여행,경상북도,149,445,594,20211130
48681,10,남해여행,여행,국내여행,경상남도,153,418,571,20211130
48682,1,부산여행,여행,국내여행,부산광역시,656,2071,2727,20211201
48683,2,제주여행,여행,국내여행,제주특별자치도,431,1431,1862,20211201
48684,3,여수여행,여행,국내여행,전라남도,287,931,1218,20211201
48685,4,경주여행,여행,국내여행,경상북도,327,865,1192,20211201
48686,5,강릉여행,여행,국내여행,강원도,247,942,1189,20211201
48687,6,전주여행,여행,국내여행,전라북도,209,561,770,20211201
48688,7,속초여행,여행,국내여행,강원도,194,493,687,20211201
48689,8,군산여행,여행,국내여행,전라북도,155,417,572,20211201
48690,9,대구여행,여행,국내여행,대구광역시,123,399,522,20211201
48691,10,남해여행,여행,국내여행,경상남도,130,377,507,20211201
48762,1,부산여행,여행,국내여행,부산광역시,701,1805,2506,20211209
48763,2,제주여행,여행,국내여행,제주특별자치도,378,1457,1835,20211209
48764,3,강릉여행,여행,국내여행,강원도,298,895,1193,20211209
48765,4,여수여행,여행,국내여행,전라남도,260,913,1173,20211209
48766,5,경주여행,여행,국내여행,경상북도,267,817,1084,20211209
48767,6,속초여행,여행,국내여행,강원도,208,506,714,20211209
48768,7,전주여행,여행,국내여행,전라북도,166,505,671,20211209
48769,8,군산여행,여행,국내여행,전라북도,149,442,591,20211209
48770,9,남해여행,여행,국내여행,경상남도,155,379,534,20211209
48771,10,대구여행,여행,국내여행,대구광역시,132,400,532,20211209
48732,1,부산여행,여행,국내여행,부산광역시,770,2064,2834,20211206
48733,2,제주여행,여행,국내여행,제주특별자치도,494,1585,2079,20211206
48734,3,여수여행,여행,국내여행,전라남도,337,992,1329,20211206
48735,4,강릉여행,여행,국내여행,강원도,285,1026,1311,20211206
48736,5,경주여행,여행,국내여행,경상북도,305,983,1288,20211206
48737,6,속초여행,여행,국내여행,강원도,217,550,767,20211206
48738,7,전주여행,여행,국내여행,전라북도,190,528,718,20211206
48739,8,남해여행,여행,국내여행,경상남도,192,459,651,20211206
48740,9,대구여행,여행,국내여행,대구광역시,152,482,634,20211206
48741,10,포항여행,여행,국내여행,경상북도,171,455,626,20211206
48822,1,부산여행,여행,국내여행,부산광역시,543,1693,2236,20211215
48823,2,제주여행,여행,국내여행,제주특별자치도,383,1446,1829,20211215
48824,3,여수여행,여행,국내여행,전라남도,262,890,1152,20211215
48825,4,강릉여행,여행,국내여행,강원도,270,844,1114,20211215
48826,5,경주여행,여행,국내여행,경상북도,242,817,1059,20211215
48827,6,속초여행,여행,국내여행,강원도,184,515,699,20211215
48828,7,전주여행,여행,국내여행,전라북도,164,470,634,20211215
48829,8,군산여행,여행,국내여행,전라북도,137,391,528,20211215
48830,9,남해여행,여행,국내여행,경상남도,148,350,498,20211215
48831,10,포항여행,여행,국내여행,경상북도,127,365,492,20211215
48812,1,부산여행,여행,국내여행,부산광역시,594,1799,2393,20211214
48813,2,제주여행,여행,국내여행,제주특별자치도,353,1573,1926,20211214
48814,3,강릉여행,여행,국내여행,강원도,303,859,1162,20211214
48815,4,여수여행,여행,국내여행,전라남도,274,818,1092,20211214
48816,5,경주여행,여행,국내여행,경상북도,268,808,1076,20211214
48817,6,속초여행,여행,국내여행,강원도,212,538,750,20211214
48818,7,전주여행,여행,국내여행,전라북도,157,473,630,20211214
48819,8,포항여행,여행,국내여행,경상북도,141,424,565,20211214
48820,9,남해여행,여행,국내여행,경상남도,152,375,527,20211214
48821,10,군산여행,여행,국내여행,전라북도,146,352,498,20211214
48712,1,부산여행,여행,국내여행,부산광역시,360,1965,2325,20211204
48713,2,제주여행,여행,국내여행,제주특별자치도,164,1424,1588,20211204
48714,3,강릉여행,여행,국내여행,강원도,147,1007,1154,20211204
48715,4,여수여행,여행,국내여행,전라남도,128,947,1075,20211204
48716,5,경주여행,여행,국내여행,경상북도,148,902,1050,20211204
48717,6,속초여행,여행,국내여행,강원도,88,612,700,20211204
48718,7,전주여행,여행,국내여행,전라북도,96,568,664,20211204
48719,8,군산여행,여행,국내여행,전라북도,75,559,634,20211204
48720,9,대구여행,여행,국내여행,대구광역시,64,490,554,20211204
48721,10,포항여행,여행,국내여행,경상북도,66,453,519,20211204
48802,1,부산여행,여행,국내여행,부산광역시,614,1829,2443,20211213
48803,2,제주여행,여행,국내여행,제주특별자치도,416,1461,1877,20211213
48804,3,강릉여행,여행,국내여행,강원도,287,940,1227,20211213
48805,4,여수여행,여행,국내여행,전라남도,301,906,1207,20211213
48806,5,경주여행,여행,국내여행,경상북도,341,831,1172,20211213
48807,6,속초여행,여행,국내여행,강원도,166,583,749,20211213
48808,7,전주여행,여행,국내여행,전라북도,198,538,736,20211213
48809,8,군산여행,여행,국내여행,전라북도,169,435,604,20211213
48810,9,남해여행,여행,국내여행,경상남도,184,402,586,20211213
48811,10,대구여행,여행,국내여행,대구광역시,165,379,544,20211213
48772,1,부산여행,여행,국내여행,부산광역시,568,1791,2359,20211210
48773,2,제주여행,여행,국내여행,제주특별자치도,283,1274,1557,20211210
48774,3,강릉여행,여행,국내여행,강원도,253,916,1169,20211210
48775,4,여수여행,여행,국내여행,전라남도,240,856,1096,20211210
48776,5,경주여행,여행,국내여행,경상북도,211,846,1057,20211210
48777,6,속초여행,여행,국내여행,강원도,187,570,757,20211210
48778,7,전주여행,여행,국내여행,전라북도,161,526,687,20211210
48779,8,군산여행,여행,국내여행,전라북도,126,407,533,20211210
48780,9,포항여행,여행,국내여행,경상북도,154,369,523,20211210
48781,10,남해여행,여행,국내여행,경상남도,153,349,502,20211210
48652,1,부산여행,여행,국내여행,부산광역시,368,2349,2717,20211128
48653,2,제주여행,여행,국내여행,제주특별자치도,189,1820,2009,20211128
48654,3,경주여행,여행,국내여행,경상북도,228,1249,1477,20211128
48655,4,강릉여행,여행,국내여행,강원도,147,1202,1349,20211128
48656,5,여수여행,여행,국내여행,전라남도,139,1201,1340,20211128
48657,6,속초여행,여행,국내여행,강원도,88,716,804,20211128
48658,7,전주여행,여행,국내여행,전라북도,108,668,776,20211128
48659,8,군산여행,여행,국내여행,전라북도,78,613,691,20211128
48660,9,대구여행,여행,국내여행,대구광역시,72,586,658,20211128
48661,10,포항여행,여행,국내여행,경상북도,76,541,617,20211128
48642,1,부산여행,여행,국내여행,부산광역시,289,2174,2463,20211127
48643,2,제주여행,여행,국내여행,제주특별자치도,157,1349,1506,20211127
48644,3,경주여행,여행,국내여행,경상북도,159,1112,1271,20211127
48645,4,강릉여행,여행,국내여행,강원도,145,1072,1217,20211127
48646,5,여수여행,여행,국내여행,전라남도,140,1052,1192,20211127
48647,6,속초여행,여행,국내여행,강원도,89,639,728,20211127
48648,7,군산여행,여행,국내여행,전라북도,77,644,721,20211127
48649,8,전주여행,여행,국내여행,전라북도,86,592,678,20211127
48650,9,대구여행,여행,국내여행,대구광역시,64,576,640,20211127
48651,10,포항여행,여행,국내여행,경상북도,65,467,532,20211127
54762,1,부산여행,여행,국내여행,부산광역시,983,2433,3416,20230524
54763,2,여수여행,여행,국내여행,전라남도,553,1692,2245,20230524
54764,3,경주여행,여행,국내여행,경상북도,633,1553,2186,20230524
54765,4,제주여행,여행,국내여행,제주특별자치도,409,1241,1650,20230524
54766,5,군산여행,여행,국내여행,전라북도,345,1247,1592,20230524
54767,6,강릉여행,여행,국내여행,강원도,436,1032,1468,20230524
54768,7,전주여행,여행,국내여행,전라북도,338,917,1255,20230524
54769,8,속초여행,여행,국내여행,강원도,301,723,1024,20230524
54770,9,대구여행,여행,국내여행,대구광역시,244,758,1002,20230524
54771,10,남해여행,여행,국내여행,경상남도,281,717,998,20230524
54792,1,부산여행,여행,국내여행,부산광역시,309,3044,3353,20230527
54793,2,여수여행,여행,국내여행,전라남도,122,2053,2175,20230527
54794,3,군산여행,여행,국내여행,전라북도,100,1818,1918,20230527
54795,4,경주여행,여행,국내여행,경상북도,148,1618,1766,20230527
54796,5,강릉여행,여행,국내여행,강원도,148,1245,1393,20230527
54797,6,제주여행,여행,국내여행,제주특별자치도,110,1165,1275,20230527
54798,7,전주여행,여행,국내여행,전라북도,110,1095,1205,20230527
54799,8,속초여행,여행,국내여행,강원도,98,984,1082,20230527
54800,9,대구여행,여행,국내여행,대구광역시,84,980,1064,20230527
54801,10,남해여행,여행,국내여행,경상남도,88,779,867,20230527
54802,1,부산여행,여행,국내여행,부산광역시,299,2899,3198,20230528
54803,2,여수여행,여행,국내여행,전라남도,158,1990,2148,20230528
54804,3,경주여행,여행,국내여행,경상북도,208,1683,1891,20230528
54805,4,군산여행,여행,국내여행,전라북도,106,1512,1618,20230528
54806,5,제주여행,여행,국내여행,제주특별자치도,173,1425,1598,20230528
54807,6,강릉여행,여행,국내여행,강원도,145,1270,1415,20230528
54808,7,속초여행,여행,국내여행,강원도,94,1068,1162,20230528
54809,8,전주여행,여행,국내여행,전라북도,88,1061,1149,20230528
54810,9,남해여행,여행,국내여행,경상남도,104,814,918,20230528
54811,10,대구여행,여행,국내여행,대구광역시,81,837,918,20230528
54752,1,부산여행,여행,국내여행,부산광역시,1055,2515,3570,20230523
54753,2,여수여행,여행,국내여행,전라남도,576,1838,2414,20230523
54754,3,경주여행,여행,국내여행,경상북도,745,1524,2269,20230523
54755,4,제주여행,여행,국내여행,제주특별자치도,478,1184,1662,20230523
54756,5,군산여행,여행,국내여행,전라북도,369,1276,1645,20230523
54757,6,강릉여행,여행,국내여행,강원도,478,1019,1497,20230523
54758,7,전주여행,여행,국내여행,전라북도,350,1020,1370,20230523
54759,8,대구여행,여행,국내여행,대구광역시,311,845,1156,20230523
54760,9,남해여행,여행,국내여행,경상남도,349,785,1134,20230523
54761,10,속초여행,여행,국내여행,강원도,307,819,1126,20230523
54722,1,부산여행,여행,국내여행,부산광역시,299,2279,2578,20230520
54723,2,여수여행,여행,국내여행,전라남도,165,1706,1871,20230520
54724,3,경주여행,여행,국내여행,경상북도,200,1428,1628,20230520
54725,4,군산여행,여행,국내여행,전라북도,90,1463,1553,20230520
54726,5,제주여행,여행,국내여행,제주특별자치도,133,1110,1243,20230520
54727,6,강릉여행,여행,국내여행,강원도,133,1089,1222,20230520
54728,7,전주여행,여행,국내여행,전라북도,108,969,1077,20230520
54729,8,속초여행,여행,국내여행,강원도,89,830,919,20230520
54730,9,대구여행,여행,국내여행,대구광역시,88,798,886,20230520
54731,10,춘천여행,여행,국내여행,강원도,74,608,682,20230520
54622,1,부산여행,여행,국내여행,부산광역시,697,1747,2444,20230510
54623,2,경주여행,여행,국내여행,경상북도,475,1368,1843,20230510
54624,3,여수여행,여행,국내여행,전라남도,459,1270,1729,20230510
54625,4,제주여행,여행,국내여행,제주특별자치도,384,1234,1618,20230510
54626,5,군산여행,여행,국내여행,전라북도,258,966,1224,20230510
54627,6,강릉여행,여행,국내여행,강원도,367,784,1151,20230510
54628,7,전주여행,여행,국내여행,전라북도,284,755,1039,20230510
54629,8,속초여행,여행,국내여행,강원도,240,617,857,20230510
54630,9,남해여행,여행,국내여행,경상남도,228,586,814,20230510
54631,10,대구여행,여행,국내여행,대구광역시,200,611,811,20230510
54662,1,부산여행,여행,국내여행,부산광역시,327,2365,2692,20230514
54663,2,여수여행,여행,국내여행,전라남도,145,1877,2022,20230514
54664,3,경주여행,여행,국내여행,경상북도,172,1676,1848,20230514
54665,4,제주여행,여행,국내여행,제주특별자치도,143,1337,1480,20230514
54666,5,군산여행,여행,국내여행,전라북도,85,1355,1440,20230514
54667,6,강릉여행,여행,국내여행,강원도,139,1033,1172,20230514
54668,7,전주여행,여행,국내여행,전라북도,106,985,1091,20230514
54669,8,대구여행,여행,국내여행,대구광역시,86,751,837,20230514
54670,9,남해여행,여행,국내여행,경상남도,73,754,827,20230514
54671,10,속초여행,여행,국내여행,강원도,88,701,789,20230514
54402,1,부산여행,여행,국내여행,부산광역시,832,2193,3025,20230418
54403,2,여수여행,여행,국내여행,전라남도,430,1563,1993,20230418
54404,3,제주여행,여행,국내여행,제주특별자치도,478,1513,1991,20230418
54405,4,경주여행,여행,국내여행,경상북도,582,1306,1888,20230418
54406,5,군산여행,여행,국내여행,전라북도,255,1087,1342,20230418
54407,6,강릉여행,여행,국내여행,강원도,376,911,1287,20230418
54408,7,전주여행,여행,국내여행,전라북도,276,837,1113,20230418
54409,8,대구여행,여행,국내여행,대구광역시,208,683,891,20230418
54410,9,속초여행,여행,국내여행,강원도,230,636,866,20230418
54411,10,남해여행,여행,국내여행,경상남도,227,637,864,20230418
54512,1,부산여행,여행,국내여행,부산광역시,308,2810,3118,20230429
54513,2,여수여행,여행,국내여행,전라남도,171,2108,2279,20230429
54514,3,경주여행,여행,국내여행,경상북도,181,1850,2031,20230429
54515,4,군산여행,여행,국내여행,전라북도,135,1819,1954,20230429
54516,5,강릉여행,여행,국내여행,강원도,175,1316,1491,20230429
54517,6,전주여행,여행,국내여행,전라북도,115,1241,1356,20230429
54518,7,제주여행,여행,국내여행,제주특별자치도,145,1188,1333,20230429
54519,8,속초여행,여행,국내여행,강원도,106,1086,1192,20230429
54520,9,남해여행,여행,국내여행,경상남도,95,905,1000,20230429
54521,10,대구여행,여행,국내여행,대구광역시,98,901,999,20230429
54502,1,부산여행,여행,국내여행,부산광역시,775,2233,3008,20230428
54503,2,여수여행,여행,국내여행,전라남도,485,1807,2292,20230428
54504,3,경주여행,여행,국내여행,경상북도,493,1528,2021,20230428
54505,4,군산여행,여행,국내여행,전라북도,289,1245,1534,20230428
54506,5,제주여행,여행,국내여행,제주특별자치도,318,1147,1465,20230428
54507,6,강릉여행,여행,국내여행,강원도,320,966,1286,20230428
54508,7,전주여행,여행,국내여행,전라북도,249,972,1221,20230428
54509,8,속초여행,여행,국내여행,강원도,302,828,1130,20230428
54510,9,대구여행,여행,국내여행,대구광역시,207,792,999,20230428
54511,10,남해여행,여행,국내여행,경상남도,268,714,982,20230428
54612,1,부산여행,여행,국내여행,부산광역시,767,1968,2735,20230509
54613,2,여수여행,여행,국내여행,전라남도,434,1510,1944,20230509
54614,3,경주여행,여행,국내여행,경상북도,545,1283,1828,20230509
54615,4,제주여행,여행,국내여행,제주특별자치도,385,1224,1609,20230509
54616,5,군산여행,여행,국내여행,전라북도,241,869,1110,20230509
54617,6,강릉여행,여행,국내여행,강원도,251,852,1103,20230509
54618,7,전주여행,여행,국내여행,전라북도,277,765,1042,20230509
54619,8,남해여행,여행,국내여행,경상남도,280,650,930,20230509
54620,9,속초여행,여행,국내여행,강원도,233,628,861,20230509
54621,10,대구여행,여행,국내여행,대구광역시,201,610,811,20230509
54442,1,부산여행,여행,국내여행,부산광역시,320,2436,2756,20230422
54443,2,여수여행,여행,국내여행,전라남도,175,1652,1827,20230422
54444,3,경주여행,여행,국내여행,경상북도,160,1395,1555,20230422
54445,4,군산여행,여행,국내여행,전라북도,92,1435,1527,20230422
54446,5,제주여행,여행,국내여행,제주특별자치도,146,1177,1323,20230422
54447,6,강릉여행,여행,국내여행,강원도,139,1086,1225,20230422
54448,7,전주여행,여행,국내여행,전라북도,108,965,1073,20230422
54449,8,속초여행,여행,국내여행,강원도,98,894,992,20230422
54450,9,남해여행,여행,국내여행,경상남도,75,731,806,20230422
54451,10,대구여행,여행,국내여행,대구광역시,81,709,790,20230422
54222,1,부산여행,여행,국내여행,부산광역시,524,1719,2243,20230331
54223,2,경주여행,여행,국내여행,경상북도,433,1324,1757,20230331
54224,3,여수여행,여행,국내여행,전라남도,275,1300,1575,20230331
54225,4,군산여행,여행,국내여행,전라북도,201,1207,1408,20230331
54226,5,제주여행,여행,국내여행,제주특별자치도,252,1086,1338,20230331
54227,6,강릉여행,여행,국내여행,강원도,239,819,1058,20230331
54228,7,전주여행,여행,국내여행,전라북도,234,718,952,20230331
54229,8,속초여행,여행,국내여행,강원도,170,570,740,20230331
54230,9,남해여행,여행,국내여행,경상남도,179,557,736,20230331
54231,10,순천여행,여행,국내여행,전라남도,117,559,676,20230331
54202,1,부산여행,여행,국내여행,부산광역시,646,1978,2624,20230329
54203,2,경주여행,여행,국내여행,경상북도,601,1633,2234,20230329
54204,3,여수여행,여행,국내여행,전라남도,420,1422,1842,20230329
54205,4,제주여행,여행,국내여행,제주특별자치도,353,1290,1643,20230329
54206,5,군산여행,여행,국내여행,전라북도,275,1183,1458,20230329
54207,6,강릉여행,여행,국내여행,강원도,307,846,1153,20230329
54208,7,전주여행,여행,국내여행,전라북도,232,838,1070,20230329
54209,8,남해여행,여행,국내여행,경상남도,201,624,825,20230329
54210,9,대구여행,여행,국내여행,대구광역시,196,605,801,20230329
54211,10,속초여행,여행,국내여행,강원도,215,529,744,20230329
54592,1,부산여행,여행,국내여행,부산광역시,347,2167,2514,20230507
54593,2,여수여행,여행,국내여행,전라남도,158,1652,1810,20230507
54594,3,경주여행,여행,국내여행,경상북도,178,1562,1740,20230507
54595,4,제주여행,여행,국내여행,제주특별자치도,138,1351,1489,20230507
54596,5,군산여행,여행,국내여행,전라북도,90,1233,1323,20230507
54597,6,강릉여행,여행,국내여행,강원도,134,923,1057,20230507
54598,7,전주여행,여행,국내여행,전라북도,115,871,986,20230507
54599,8,남해여행,여행,국내여행,경상남도,84,706,790,20230507
54600,9,속초여행,여행,국내여행,강원도,85,704,789,20230507
54601,10,대구여행,여행,국내여행,대구광역시,105,675,780,20230507
54542,1,부산여행,여행,국내여행,부산광역시,836,2341,3177,20230502
54543,2,여수여행,여행,국내여행,전라남도,409,1693,2102,20230502
54544,3,경주여행,여행,국내여행,경상북도,456,1639,2095,20230502
54545,4,제주여행,여행,국내여행,제주특별자치도,381,1256,1637,20230502
54546,5,군산여행,여행,국내여행,전라북도,257,1242,1499,20230502
54547,6,강릉여행,여행,국내여행,강원도,380,1020,1400,20230502
54548,7,전주여행,여행,국내여행,전라북도,298,883,1181,20230502
54549,8,남해여행,여행,국내여행,경상남도,269,782,1051,20230502
54550,9,속초여행,여행,국내여행,강원도,239,741,980,20230502
54551,10,대구여행,여행,국내여행,대구광역시,231,739,970,20230502
54462,1,부산여행,여행,국내여행,부산광역시,992,2519,3511,20230424
54463,2,여수여행,여행,국내여행,전라남도,606,1908,2514,20230424
54464,3,경주여행,여행,국내여행,경상북도,671,1748,2419,20230424
54465,4,제주여행,여행,국내여행,제주특별자치도,477,1470,1947,20230424
54466,5,군산여행,여행,국내여행,전라북도,378,1189,1567,20230424
54467,6,강릉여행,여행,국내여행,강원도,459,1106,1565,20230424
54468,7,전주여행,여행,국내여행,전라북도,352,1060,1412,20230424
54469,8,속초여행,여행,국내여행,강원도,346,828,1174,20230424
54470,9,남해여행,여행,국내여행,경상남도,296,775,1071,20230424
54471,10,대구여행,여행,국내여행,대구광역시,267,759,1026,20230424
54522,1,부산여행,여행,국내여행,부산광역시,296,2968,3264,20230430
54523,2,여수여행,여행,국내여행,전라남도,166,2160,2326,20230430
54524,3,경주여행,여행,국내여행,경상북도,200,2016,2216,20230430
54525,4,군산여행,여행,국내여행,전라북도,100,2036,2136,20230430
54526,5,제주여행,여행,국내여행,제주특별자치도,175,1387,1562,20230430
54527,6,강릉여행,여행,국내여행,강원도,126,1227,1353,20230430
54528,7,전주여행,여행,국내여행,전라북도,113,1240,1353,20230430
54529,8,속초여행,여행,국내여행,강원도,99,1106,1205,20230430
54530,9,대구여행,여행,국내여행,대구광역시,114,1041,1155,20230430
54531,10,남해여행,여행,국내여행,경상남도,100,990,1090,20230430
54562,1,부산여행,여행,국내여행,부산광역시,603,1895,2498,20230504
54563,2,여수여행,여행,국내여행,전라남도,408,1360,1768,20230504
54564,3,경주여행,여행,국내여행,경상북도,344,1159,1503,20230504
54565,4,제주여행,여행,국내여행,제주특별자치도,303,1096,1399,20230504
54566,5,강릉여행,여행,국내여행,강원도,270,828,1098,20230504
54567,6,군산여행,여행,국내여행,전라북도,248,805,1053,20230504
54568,7,전주여행,여행,국내여행,전라북도,220,753,973,20230504
54569,8,속초여행,여행,국내여행,강원도,221,656,877,20230504
54570,9,대구여행,여행,국내여행,대구광역시,212,563,775,20230504
54571,10,남해여행,여행,국내여행,경상남도,201,566,767,20230504
54392,1,부산여행,여행,국내여행,부산광역시,814,2177,2991,20230417
54393,2,여수여행,여행,국내여행,전라남도,541,1687,2228,20230417
54394,3,경주여행,여행,국내여행,경상북도,580,1443,2023,20230417
54395,4,제주여행,여행,국내여행,제주특별자치도,462,1481,1943,20230417
54396,5,강릉여행,여행,국내여행,강원도,383,1045,1428,20230417
54397,6,군산여행,여행,국내여행,전라북도,315,1091,1406,20230417
54398,7,전주여행,여행,국내여행,전라북도,327,1037,1364,20230417
54399,8,남해여행,여행,국내여행,경상남도,256,734,990,20230417
54400,9,속초여행,여행,국내여행,강원도,241,668,909,20230417
54401,10,대구여행,여행,국내여행,대구광역시,232,633,865,20230417
54212,1,부산여행,여행,국내여행,부산광역시,661,1740,2401,20230330
54213,2,경주여행,여행,국내여행,경상북도,518,1753,2271,20230330
54214,3,제주여행,여행,국내여행,제주특별자치도,393,1386,1779,20230330
54215,4,여수여행,여행,국내여행,전라남도,382,1381,1763,20230330
54216,5,군산여행,여행,국내여행,전라북도,276,1151,1427,20230330
54217,6,강릉여행,여행,국내여행,강원도,302,845,1147,20230330
54218,7,전주여행,여행,국내여행,전라북도,251,734,985,20230330
54219,8,남해여행,여행,국내여행,경상남도,201,588,789,20230330
54220,9,속초여행,여행,국내여행,강원도,222,550,772,20230330
54221,10,대구여행,여행,국내여행,대구광역시,222,534,756,20230330
54372,1,부산여행,여행,국내여행,부산광역시,272,2290,2562,20230415
54373,2,여수여행,여행,국내여행,전라남도,155,1675,1830,20230415
54374,3,경주여행,여행,국내여행,경상북도,169,1383,1552,20230415
54375,4,제주여행,여행,국내여행,제주특별자치도,161,1324,1485,20230415
54376,5,군산여행,여행,국내여행,전라북도,81,1355,1436,20230415
54377,6,강릉여행,여행,국내여행,강원도,122,1141,1263,20230415
54378,7,전주여행,여행,국내여행,전라북도,107,933,1040,20230415
54379,8,속초여행,여행,국내여행,강원도,73,770,843,20230415
54380,9,대구여행,여행,국내여행,대구광역시,74,726,800,20230415
54381,10,남해여행,여행,국내여행,경상남도,76,635,711,20230415
54382,1,부산여행,여행,국내여행,부산광역시,293,2814,3107,20230416
54383,2,여수여행,여행,국내여행,전라남도,133,2066,2199,20230416
54384,3,경주여행,여행,국내여행,경상북도,211,1666,1877,20230416
54385,4,제주여행,여행,국내여행,제주특별자치도,175,1566,1741,20230416
54386,5,군산여행,여행,국내여행,전라북도,102,1435,1537,20230416
54387,6,강릉여행,여행,국내여행,강원도,151,1299,1450,20230416
54388,7,전주여행,여행,국내여행,전라북도,128,1079,1207,20230416
54389,8,남해여행,여행,국내여행,경상남도,98,763,861,20230416
54390,9,속초여행,여행,국내여행,강원도,107,736,843,20230416
54391,10,대구여행,여행,국내여행,대구광역시,73,766,839,20230416
54232,1,부산여행,여행,국내여행,부산광역시,201,1981,2182,20230401
54233,2,여수여행,여행,국내여행,전라남도,121,1447,1568,20230401
54234,3,군산여행,여행,국내여행,전라북도,71,1435,1506,20230401
54235,4,경주여행,여행,국내여행,경상북도,154,1299,1453,20230401
54236,5,제주여행,여행,국내여행,제주특별자치도,157,1215,1372,20230401
54237,6,강릉여행,여행,국내여행,강원도,111,812,923,20230401
54238,7,전주여행,여행,국내여행,전라북도,76,835,911,20230401
54239,8,대구여행,여행,국내여행,대구광역시,61,695,756,20230401
54240,9,남해여행,여행,국내여행,경상남도,79,610,689,20230401
54241,10,속초여행,여행,국내여행,강원도,70,615,685,20230401
54242,1,부산여행,여행,국내여행,부산광역시,216,2034,2250,20230402
54243,2,여수여행,여행,국내여행,전라남도,136,1599,1735,20230402
54244,3,경주여행,여행,국내여행,경상북도,149,1577,1726,20230402
54245,4,군산여행,여행,국내여행,전라북도,93,1289,1382,20230402
54246,5,제주여행,여행,국내여행,제주특별자치도,134,1246,1380,20230402
54247,6,강릉여행,여행,국내여행,강원도,111,915,1026,20230402
54248,7,전주여행,여행,국내여행,전라북도,97,901,998,20230402
54249,8,남해여행,여행,국내여행,경상남도,84,740,824,20230402
54250,9,대구여행,여행,국내여행,대구광역시,80,702,782,20230402
54251,10,속초여행,여행,국내여행,강원도,80,629,709,20230402
54112,1,부산여행,여행,국내여행,부산광역시,681,1952,2633,20230321
54113,2,경주여행,여행,국내여행,경상북도,647,1629,2276,20230321
54114,3,제주여행,여행,국내여행,제주특별자치도,445,1640,2085,20230321
54115,4,여수여행,여행,국내여행,전라남도,422,1544,1966,20230321
54116,5,군산여행,여행,국내여행,전라북도,277,1107,1384,20230321
54117,6,강릉여행,여행,국내여행,강원도,384,874,1258,20230321
54118,7,전주여행,여행,국내여행,전라북도,349,900,1249,20230321
54119,8,남해여행,여행,국내여행,경상남도,284,673,957,20230321
54120,9,대구여행,여행,국내여행,대구광역시,329,577,906,20230321
54121,10,속초여행,여행,국내여행,강원도,256,644,900,20230321
53762,1,부산여행,여행,국내여행,부산광역시,920,2892,3812,20230214
53763,2,여수여행,여행,국내여행,전라남도,460,1927,2387,20230214
53764,3,제주여행,여행,국내여행,제주특별자치도,486,1854,2340,20230214
53765,4,경주여행,여행,국내여행,경상북도,502,1464,1966,20230214
53766,5,군산여행,여행,국내여행,전라북도,317,1241,1558,20230214
53767,6,강릉여행,여행,국내여행,강원도,450,1045,1495,20230214
53768,7,전주여행,여행,국내여행,전라북도,260,1111,1371,20230214
53769,8,속초여행,여행,국내여행,강원도,273,889,1162,20230214
53770,9,대구여행,여행,국내여행,대구광역시,242,773,1015,20230214
53771,10,남해여행,여행,국내여행,경상남도,185,524,709,20230214
53692,1,부산여행,여행,국내여행,부산광역시,1057,3158,4215,20230207
53693,2,제주여행,여행,국내여행,제주특별자치도,560,2113,2673,20230207
53694,3,여수여행,여행,국내여행,전라남도,516,1906,2422,20230207
53695,4,경주여행,여행,국내여행,경상북도,489,1597,2086,20230207
53696,5,강릉여행,여행,국내여행,강원도,353,1288,1641,20230207
53697,6,군산여행,여행,국내여행,전라북도,258,1230,1488,20230207
53698,7,전주여행,여행,국내여행,전라북도,326,1102,1428,20230207
53699,8,속초여행,여행,국내여행,강원도,320,902,1222,20230207
53700,9,대구여행,여행,국내여행,대구광역시,254,891,1145,20230207
53701,10,남해여행,여행,국내여행,경상남도,232,611,843,20230207
54292,1,부산여행,여행,국내여행,부산광역시,642,1798,2440,20230407
54293,2,여수여행,여행,국내여행,전라남도,479,1414,1893,20230407
54294,3,경주여행,여행,국내여행,경상북도,421,1341,1762,20230407
54295,4,군산여행,여행,국내여행,전라북도,254,1348,1602,20230407
54296,5,제주여행,여행,국내여행,제주특별자치도,363,1185,1548,20230407
54297,6,강릉여행,여행,국내여행,강원도,259,861,1120,20230407
54298,7,전주여행,여행,국내여행,전라북도,227,792,1019,20230407
54299,8,속초여행,여행,국내여행,강원도,215,643,858,20230407
54300,9,대구여행,여행,국내여행,대구광역시,191,611,802,20230407
54301,10,남해여행,여행,국내여행,경상남도,192,545,737,20230407
54092,1,부산여행,여행,국내여행,부산광역시,301,2300,2601,20230319
54093,2,경주여행,여행,국내여행,경상북도,175,1915,2090,20230319
54094,3,여수여행,여행,국내여행,전라남도,141,1900,2041,20230319
54095,4,제주여행,여행,국내여행,제주특별자치도,202,1825,2027,20230319
54096,5,군산여행,여행,국내여행,전라북도,96,1589,1685,20230319
54097,6,남해여행,여행,국내여행,경상남도,114,1212,1326,20230319
54098,7,전주여행,여행,국내여행,전라북도,112,1165,1277,20230319
54099,8,강릉여행,여행,국내여행,강원도,139,941,1080,20230319
54100,9,대구여행,여행,국내여행,대구광역시,99,834,933,20230319
54101,10,속초여행,여행,국내여행,강원도,93,682,775,20230319
54052,1,부산여행,여행,국내여행,부산광역시,662,1876,2538,20230315
54053,2,제주여행,여행,국내여행,제주특별자치도,552,1410,1962,20230315
54054,3,경주여행,여행,국내여행,경상북도,519,1336,1855,20230315
54055,4,여수여행,여행,국내여행,전라남도,393,1279,1672,20230315
54056,5,군산여행,여행,국내여행,전라북도,275,1230,1505,20230315
54057,6,강릉여행,여행,국내여행,강원도,289,892,1181,20230315
54058,7,전주여행,여행,국내여행,전라북도,260,857,1117,20230315
54059,8,대구여행,여행,국내여행,대구광역시,212,604,816,20230315
54060,9,남해여행,여행,국내여행,경상남도,208,568,776,20230315
54061,10,속초여행,여행,국내여행,강원도,196,574,770,20230315
53672,1,부산여행,여행,국내여행,부산광역시,482,3497,3979,20230205
53673,2,제주여행,여행,국내여행,제주특별자치도,241,2322,2563,20230205
53674,3,여수여행,여행,국내여행,전라남도,227,2012,2239,20230205
53675,4,경주여행,여행,국내여행,경상북도,211,1786,1997,20230205
53676,5,군산여행,여행,국내여행,전라북도,120,1619,1739,20230205
53677,6,강릉여행,여행,국내여행,강원도,165,1299,1464,20230205
53678,7,전주여행,여행,국내여행,전라북도,143,1291,1434,20230205
53679,8,속초여행,여행,국내여행,강원도,152,1041,1193,20230205
53680,9,대구여행,여행,국내여행,대구광역시,111,973,1084,20230205
53681,10,남해여행,여행,국내여행,경상남도,87,706,793,20230205
53682,1,부산여행,여행,국내여행,부산광역시,961,3324,4285,20230206
53683,2,제주여행,여행,국내여행,제주특별자치도,585,2054,2639,20230206
53684,3,여수여행,여행,국내여행,전라남도,567,1994,2561,20230206
53685,4,경주여행,여행,국내여행,경상북도,542,1687,2229,20230206
53686,5,강릉여행,여행,국내여행,강원도,405,1317,1722,20230206
53687,6,군산여행,여행,국내여행,전라북도,294,1405,1699,20230206
53688,7,전주여행,여행,국내여행,전라북도,333,1174,1507,20230206
53689,8,속초여행,여행,국내여행,강원도,284,1088,1372,20230206
53690,9,대구여행,여행,국내여행,대구광역시,286,911,1197,20230206
53691,10,남해여행,여행,국내여행,경상남도,211,649,860,20230206
53802,1,군산여행,여행,국내여행,전라북도,190,8078,8268,20230218
53803,2,부산여행,여행,국내여행,부산광역시,382,3035,3417,20230218
53804,3,제주여행,여행,국내여행,제주특별자치도,178,2035,2213,20230218
53805,4,여수여행,여행,국내여행,전라남도,161,2028,2189,20230218
53806,5,경주여행,여행,국내여행,경상북도,172,1601,1773,20230218
53807,6,강릉여행,여행,국내여행,강원도,178,1364,1542,20230218
53808,7,전주여행,여행,국내여행,전라북도,100,1333,1433,20230218
53809,8,속초여행,여행,국내여행,강원도,94,1109,1203,20230218
53810,9,대구여행,여행,국내여행,대구광역시,79,884,963,20230218
53811,10,대전여행,여행,국내여행,대전광역시,63,725,788,20230218
53932,1,부산여행,여행,국내여행,부산광역시,497,1660,2157,20230303
53933,2,군산여행,여행,국내여행,전라북도,257,1458,1715,20230303
53934,3,여수여행,여행,국내여행,전라남도,340,1350,1690,20230303
53935,4,제주여행,여행,국내여행,제주특별자치도,410,1232,1642,20230303
53936,5,경주여행,여행,국내여행,경상북도,339,1048,1387,20230303
53937,6,강릉여행,여행,국내여행,강원도,264,800,1064,20230303
53938,7,전주여행,여행,국내여행,전라북도,243,786,1029,20230303
53939,8,속초여행,여행,국내여행,강원도,221,618,839,20230303
53940,9,대구여행,여행,국내여행,대구광역시,176,515,691,20230303
53941,10,남해여행,여행,국내여행,경상남도,173,457,630,20230303
54072,1,부산여행,여행,국내여행,부산광역시,649,2094,2743,20230317
54073,2,제주여행,여행,국내여행,제주특별자치도,390,1464,1854,20230317
54074,3,경주여행,여행,국내여행,경상북도,528,1280,1808,20230317
54075,4,여수여행,여행,국내여행,전라남도,406,1387,1793,20230317
54076,5,군산여행,여행,국내여행,전라북도,246,1354,1600,20230317
54077,6,강릉여행,여행,국내여행,강원도,338,901,1239,20230317
54078,7,전주여행,여행,국내여행,전라북도,263,970,1233,20230317
54079,8,속초여행,여행,국내여행,강원도,236,616,852,20230317
54080,9,대구여행,여행,국내여행,대구광역시,195,594,789,20230317
54081,10,남해여행,여행,국내여행,경상남도,207,557,764,20230317
53052,1,부산여행,여행,국내여행,부산광역시,686,2207,2893,20221208
53053,2,제주여행,여행,국내여행,제주특별자치도,387,1505,1892,20221208
53054,3,여수여행,여행,국내여행,전라남도,326,1296,1622,20221208
53055,4,경주여행,여행,국내여행,경상북도,324,1045,1369,20221208
53056,5,강릉여행,여행,국내여행,강원도,317,898,1215,20221208
53057,6,군산여행,여행,국내여행,전라북도,175,857,1032,20221208
53058,7,속초여행,여행,국내여행,강원도,268,726,994,20221208
53059,8,전주여행,여행,국내여행,전라북도,211,665,876,20221208
53060,9,대구여행,여행,국내여행,대구광역시,162,601,763,20221208
53061,10,포항여행,여행,국내여행,경상북도,155,399,554,20221208
53542,1,부산여행,여행,국내여행,부산광역시,422,3410,3832,20230123
53543,2,제주여행,여행,국내여행,제주특별자치도,186,2122,2308,20230123
53544,3,여수여행,여행,국내여행,전라남도,132,2063,2195,20230123
53545,4,경주여행,여행,국내여행,경상북도,153,1655,1808,20230123
53546,5,군산여행,여행,국내여행,전라북도,90,1568,1658,20230123
53547,6,강릉여행,여행,국내여행,강원도,165,1456,1621,20230123
53548,7,전주여행,여행,국내여행,전라북도,102,1049,1151,20230123
53549,8,속초여행,여행,국내여행,강원도,77,902,979,20230123
53550,9,대구여행,여행,국내여행,대구광역시,79,879,958,20230123
53551,10,목포여행,여행,국내여행,전라남도,76,785,861,20230123
54012,1,부산여행,여행,국내여행,부산광역시,383,1797,2180,20230311
54013,2,군산여행,여행,국내여행,전라북도,86,1478,1564,20230311
54014,3,여수여행,여행,국내여행,전라남도,137,1405,1542,20230311
54015,4,제주여행,여행,국내여행,제주특별자치도,167,1232,1399,20230311
54016,5,경주여행,여행,국내여행,경상북도,160,1188,1348,20230311
54017,6,전주여행,여행,국내여행,전라북도,99,850,949,20230311
54018,7,강릉여행,여행,국내여행,강원도,114,804,918,20230311
54019,8,속초여행,여행,국내여행,강원도,60,662,722,20230311
54020,9,대구여행,여행,국내여행,대구광역시,40,542,582,20230311
54021,10,남해여행,여행,국내여행,경상남도,62,519,581,20230311
53652,1,부산여행,여행,국내여행,부산광역시,833,2802,3635,20230203
53653,2,제주여행,여행,국내여행,제주특별자치도,461,1762,2223,20230203
53654,3,여수여행,여행,국내여행,전라남도,340,1761,2101,20230203
53655,4,경주여행,여행,국내여행,경상북도,410,1424,1834,20230203
53656,5,강릉여행,여행,국내여행,강원도,351,1357,1708,20230203
53657,6,군산여행,여행,국내여행,전라북도,220,1310,1530,20230203
53658,7,전주여행,여행,국내여행,전라북도,277,1015,1292,20230203
53659,8,속초여행,여행,국내여행,강원도,228,995,1223,20230203
53660,9,대구여행,여행,국내여행,대구광역시,229,941,1170,20230203
53661,10,울진여행,여행,국내여행,경상북도,73,871,944,20230203
53262,1,부산여행,여행,국내여행,부산광역시,702,2709,3411,20221229
53263,2,여수여행,여행,국내여행,전라남도,322,1573,1895,20221229
53264,3,제주여행,여행,국내여행,제주특별자치도,342,1440,1782,20221229
53265,4,경주여행,여행,국내여행,경상북도,257,1273,1530,20221229
53266,5,강릉여행,여행,국내여행,강원도,305,1182,1487,20221229
53267,6,속초여행,여행,국내여행,강원도,249,1010,1259,20221229
53268,7,군산여행,여행,국내여행,전라북도,181,1061,1242,20221229
53269,8,전주여행,여행,국내여행,전라북도,204,819,1023,20221229
53270,9,대구여행,여행,국내여행,대구광역시,171,675,846,20221229
53271,10,목포여행,여행,국내여행,전라남도,146,487,633,20221229
53242,1,부산여행,여행,국내여행,부산광역시,744,2853,3597,20221227
53243,2,여수여행,여행,국내여행,전라남도,295,1707,2002,20221227
53244,3,제주여행,여행,국내여행,제주특별자치도,416,1575,1991,20221227
53245,4,경주여행,여행,국내여행,경상북도,333,1201,1534,20221227
53246,5,강릉여행,여행,국내여행,강원도,333,1172,1505,20221227
53247,6,군산여행,여행,국내여행,전라북도,230,1058,1288,20221227
53248,7,속초여행,여행,국내여행,강원도,230,958,1188,20221227
53249,8,전주여행,여행,국내여행,전라북도,227,849,1076,20221227
53250,9,대구여행,여행,국내여행,대구광역시,195,678,873,20221227
53251,10,남해여행,여행,국내여행,경상남도,160,588,748,20221227
53462,1,부산여행,여행,국내여행,부산광역시,748,2581,3329,20230116
53463,2,제주여행,여행,국내여행,제주특별자치도,490,1988,2478,20230116
53464,3,여수여행,여행,국내여행,전라남도,392,1566,1958,20230116
53465,4,경주여행,여행,국내여행,경상북도,393,1404,1797,20230116
53466,5,강릉여행,여행,국내여행,강원도,292,1068,1360,20230116
53467,6,군산여행,여행,국내여행,전라북도,195,988,1183,20230116
53468,7,전주여행,여행,국내여행,전라북도,225,907,1132,20230116
53469,8,속초여행,여행,국내여행,강원도,210,614,824,20230116
53470,9,대구여행,여행,국내여행,대구광역시,211,598,809,20230116
53471,10,남해여행,여행,국내여행,경상남도,185,513,698,20230116
53312,1,부산여행,여행,국내여행,부산광역시,834,2831,3665,20230103
53313,2,제주여행,여행,국내여행,제주특별자치도,548,2009,2557,20230103
53314,3,여수여행,여행,국내여행,전라남도,345,1485,1830,20230103
53315,4,강릉여행,여행,국내여행,강원도,396,1178,1574,20230103
53316,5,경주여행,여행,국내여행,경상북도,298,1234,1532,20230103
53317,6,군산여행,여행,국내여행,전라북도,224,1009,1233,20230103
53318,7,속초여행,여행,국내여행,강원도,229,862,1091,20230103
53319,8,전주여행,여행,국내여행,전라북도,220,788,1008,20230103
53320,9,대구여행,여행,국내여행,대구광역시,198,583,781,20230103
53321,10,목포여행,여행,국내여행,전라남도,157,549,706,20230103
53502,1,부산여행,여행,국내여행,부산광역시,683,2237,2920,20230119
53503,2,제주여행,여행,국내여행,제주특별자치도,438,1574,2012,20230119
53504,3,여수여행,여행,국내여행,전라남도,306,1436,1742,20230119
53505,4,경주여행,여행,국내여행,경상북도,325,1121,1446,20230119
53506,5,강릉여행,여행,국내여행,강원도,297,1000,1297,20230119
53507,6,군산여행,여행,국내여행,전라북도,196,857,1053,20230119
53508,7,전주여행,여행,국내여행,전라북도,213,736,949,20230119
53509,8,속초여행,여행,국내여행,강원도,209,648,857,20230119
53510,9,대구여행,여행,국내여행,대구광역시,170,529,699,20230119
53511,10,남해여행,여행,국내여행,경상남도,154,470,624,20230119
53352,1,부산여행,여행,국내여행,부산광역시,361,3188,3549,20230107
53353,2,제주여행,여행,국내여행,제주특별자치도,180,1964,2144,20230107
53354,3,여수여행,여행,국내여행,전라남도,166,1709,1875,20230107
53355,4,경주여행,여행,국내여행,경상북도,146,1370,1516,20230107
53356,5,강릉여행,여행,국내여행,강원도,150,1280,1430,20230107
53357,6,군산여행,여행,국내여행,전라북도,94,1319,1413,20230107
53358,7,속초여행,여행,국내여행,강원도,116,912,1028,20230107
53359,8,전주여행,여행,국내여행,전라북도,112,913,1025,20230107
53360,9,대구여행,여행,국내여행,대구광역시,101,777,878,20230107
53361,10,포항여행,여행,국내여행,경상북도,63,645,708,20230107
53392,1,부산여행,여행,국내여행,부산광역시,764,2594,3358,20230111
53393,2,제주여행,여행,국내여행,제주특별자치도,532,2172,2704,20230111
53394,3,여수여행,여행,국내여행,전라남도,317,1628,1945,20230111
53395,4,경주여행,여행,국내여행,경상북도,352,1219,1571,20230111
53396,5,강릉여행,여행,국내여행,강원도,328,1165,1493,20230111
53397,6,군산여행,여행,국내여행,전라북도,247,1154,1401,20230111
53398,7,속초여행,여행,국내여행,강원도,232,770,1002,20230111
53399,8,전주여행,여행,국내여행,전라북도,219,746,965,20230111
53400,9,대구여행,여행,국내여행,대구광역시,190,667,857,20230111
53401,10,남해여행,여행,국내여행,경상남도,162,521,683,20230111
52982,1,부산여행,여행,국내여행,부산광역시,638,1885,2523,20221201
52983,2,제주여행,여행,국내여행,제주특별자치도,367,1244,1611,20221201
52984,3,여수여행,여행,국내여행,전라남도,257,1059,1316,20221201
52985,4,경주여행,여행,국내여행,경상북도,267,929,1196,20221201
52986,5,강릉여행,여행,국내여행,강원도,249,776,1025,20221201
52987,6,전주여행,여행,국내여행,전라북도,215,682,897,20221201
52988,7,속초여행,여행,국내여행,강원도,208,660,868,20221201
52989,8,군산여행,여행,국내여행,전라북도,167,678,845,20221201
52990,9,대구여행,여행,국내여행,대구광역시,150,448,598,20221201
52991,10,남해여행,여행,국내여행,경상남도,154,342,496,20221201
51632,1,부산여행,여행,국내여행,부산광역시,1375,3623,4998,20220720
51633,2,여수여행,여행,국내여행,전라남도,863,2584,3447,20220720
51634,3,경주여행,여행,국내여행,경상북도,720,1595,2315,20220720
51635,4,제주여행,여행,국내여행,제주특별자치도,568,1635,2203,20220720
51636,5,강릉여행,여행,국내여행,강원도,625,1543,2168,20220720
51637,6,속초여행,여행,국내여행,강원도,473,1366,1839,20220720
51638,7,남해여행,여행,국내여행,경상남도,388,1252,1640,20220720
51639,8,전주여행,여행,국내여행,전라북도,340,919,1259,20220720
51640,9,군산여행,여행,국내여행,전라북도,231,942,1173,20220720
51641,10,포항여행,여행,국내여행,경상북도,235,688,923,20220720
53222,1,부산여행,여행,국내여행,부산광역시,302,2830,3132,20221225
53223,2,제주여행,여행,국내여행,제주특별자치도,145,1661,1806,20221225
53224,3,여수여행,여행,국내여행,전라남도,133,1600,1733,20221225
53225,4,경주여행,여행,국내여행,경상북도,131,1297,1428,20221225
53226,5,강릉여행,여행,국내여행,강원도,121,1173,1294,20221225
53227,6,군산여행,여행,국내여행,전라북도,85,976,1061,20221225
53228,7,속초여행,여행,국내여행,강원도,104,937,1041,20221225
53229,8,전주여행,여행,국내여행,전라북도,94,788,882,20221225
53230,9,대구여행,여행,국내여행,대구광역시,47,609,656,20221225
53231,10,포항여행,여행,국내여행,경상북도,73,489,562,20221225
49942,1,제주여행,여행,국내여행,제주특별자치도,528,1757,2285,20220401
49943,2,부산여행,여행,국내여행,부산광역시,578,1692,2270,20220401
49944,3,경주여행,여행,국내여행,경상북도,505,1549,2054,20220401
49945,4,여수여행,여행,국내여행,전라남도,301,1075,1376,20220401
49946,5,남해여행,여행,국내여행,경상남도,218,999,1217,20220401
49947,6,강릉여행,여행,국내여행,강원도,253,861,1114,20220401
49948,7,군산여행,여행,국내여행,전라북도,198,773,971,20220401
49949,8,전주여행,여행,국내여행,전라북도,235,711,946,20220401
49950,9,속초여행,여행,국내여행,강원도,189,604,793,20220401
49951,10,대구여행,여행,국내여행,대구광역시,162,476,638,20220401
49952,1,부산여행,여행,국내여행,부산광역시,245,2154,2399,20220402
49953,2,제주여행,여행,국내여행,제주특별자치도,234,1793,2027,20220402
49954,3,경주여행,여행,국내여행,경상북도,189,1743,1932,20220402
49955,4,여수여행,여행,국내여행,전라남도,124,1303,1427,20220402
49956,5,군산여행,여행,국내여행,전라북도,87,1081,1168,20220402
49957,6,남해여행,여행,국내여행,경상남도,123,982,1105,20220402
49958,7,강릉여행,여행,국내여행,강원도,113,928,1041,20220402
49959,8,전주여행,여행,국내여행,전라북도,91,921,1012,20220402
49960,9,속초여행,여행,국내여행,강원도,74,683,757,20220402
49961,10,춘천여행,여행,국내여행,강원도,54,595,649,20220402
49962,1,제주여행,여행,국내여행,제주특별자치도,365,2318,2683,20220403
49963,2,부산여행,여행,국내여행,부산광역시,284,2157,2441,20220403
49964,3,경주여행,여행,국내여행,경상북도,194,1704,1898,20220403
49965,4,여수여행,여행,국내여행,전라남도,141,1364,1505,20220403
49966,5,강릉여행,여행,국내여행,강원도,142,1047,1189,20220403
49967,6,남해여행,여행,국내여행,경상남도,109,986,1095,20220403
49968,7,군산여행,여행,국내여행,전라북도,85,940,1025,20220403
49969,8,전주여행,여행,국내여행,전라북도,94,916,1010,20220403
49970,9,속초여행,여행,국내여행,강원도,97,644,741,20220403
49971,10,대구여행,여행,국내여행,대구광역시,76,617,693,20220403
52962,1,부산여행,여행,국내여행,부산광역시,718,2132,2850,20221129
52963,2,제주여행,여행,국내여행,제주특별자치도,381,1349,1730,20221129
52964,3,여수여행,여행,국내여행,전라남도,318,1136,1454,20221129
52965,4,경주여행,여행,국내여행,경상북도,314,1083,1397,20221129
52966,5,강릉여행,여행,국내여행,강원도,258,845,1103,20221129
52967,6,속초여행,여행,국내여행,강원도,241,623,864,20221129
52968,7,전주여행,여행,국내여행,전라북도,221,605,826,20221129
52969,8,군산여행,여행,국내여행,전라북도,187,613,800,20221129
52970,9,대구여행,여행,국내여행,대구광역시,178,518,696,20221129
52971,10,포항여행,여행,국내여행,경상북도,163,406,569,20221129
52972,1,부산여행,여행,국내여행,부산광역시,628,1907,2535,20221130
52973,2,제주여행,여행,국내여행,제주특별자치도,359,1281,1640,20221130
52974,3,여수여행,여행,국내여행,전라남도,237,1047,1284,20221130
52975,4,경주여행,여행,국내여행,경상북도,272,935,1207,20221130
52976,5,강릉여행,여행,국내여행,강원도,252,733,985,20221130
52977,6,전주여행,여행,국내여행,전라북도,209,569,778,20221130
52978,7,군산여행,여행,국내여행,전라북도,187,580,767,20221130
52979,8,속초여행,여행,국내여행,강원도,212,551,763,20221130
52980,9,대구여행,여행,국내여행,대구광역시,182,456,638,20221130
52981,10,남해여행,여행,국내여행,경상남도,130,350,480,20221130
49932,1,제주여행,여행,국내여행,제주특별자치도,652,1748,2400,20220331
49933,2,부산여행,여행,국내여행,부산광역시,493,1673,2166,20220331
49934,3,경주여행,여행,국내여행,경상북도,494,1516,2010,20220331
49935,4,강릉여행,여행,국내여행,강원도,239,814,1053,20220331
49936,5,남해여행,여행,국내여행,경상남도,209,800,1009,20220331
49937,6,전주여행,여행,국내여행,전라북도,217,645,862,20220331
49938,7,군산여행,여행,국내여행,전라북도,214,604,818,20220331
49939,8,속초여행,여행,국내여행,강원도,205,508,713,20220331
49940,9,대구여행,여행,국내여행,대구광역시,170,431,601,20220331
49941,10,춘천여행,여행,국내여행,강원도,149,412,561,20220331
52952,1,부산여행,여행,국내여행,부산광역시,666,2091,2757,20221128
52953,2,제주여행,여행,국내여행,제주특별자치도,363,1354,1717,20221128
52954,3,경주여행,여행,국내여행,경상북도,330,1088,1418,20221128
52955,4,여수여행,여행,국내여행,전라남도,274,1052,1326,20221128
52956,5,강릉여행,여행,국내여행,강원도,269,877,1146,20221128
52957,6,전주여행,여행,국내여행,전라북도,226,662,888,20221128
52958,7,군산여행,여행,국내여행,전라북도,207,641,848,20221128
52959,8,속초여행,여행,국내여행,강원도,232,615,847,20221128
52960,9,대구여행,여행,국내여행,대구광역시,188,492,680,20221128
52961,10,포항여행,여행,국내여행,경상북도,142,363,505,20221128
49902,1,제주여행,여행,국내여행,제주특별자치도,671,1901,2572,20220328
49903,2,부산여행,여행,국내여행,부산광역시,685,1692,2377,20220328
49904,3,경주여행,여행,국내여행,경상북도,648,1495,2143,20220328
49905,4,여수여행,여행,국내여행,전라남도,417,1026,1443,20220328
49906,5,남해여행,여행,국내여행,경상남도,239,830,1069,20220328
49907,6,강릉여행,여행,국내여행,강원도,277,777,1054,20220328
49908,7,전주여행,여행,국내여행,전라북도,257,701,958,20220328
49909,8,군산여행,여행,국내여행,전라북도,200,590,790,20220328
49910,9,속초여행,여행,국내여행,강원도,204,493,697,20220328
49911,10,대구여행,여행,국내여행,대구광역시,168,501,669,20220328
49852,1,제주여행,여행,국내여행,제주특별자치도,585,1826,2411,20220323
49853,2,부산여행,여행,국내여행,부산광역시,578,1651,2229,20220323
49854,3,경주여행,여행,국내여행,경상북도,457,1285,1742,20220323
49855,4,여수여행,여행,국내여행,전라남도,304,931,1235,20220323
49856,5,강릉여행,여행,국내여행,강원도,265,688,953,20220323
49857,6,전주여행,여행,국내여행,전라북도,227,657,884,20220323
49858,7,남해여행,여행,국내여행,경상남도,198,606,804,20220323
49859,8,군산여행,여행,국내여행,전라북도,194,530,724,20220323
49860,9,속초여행,여행,국내여행,강원도,188,435,623,20220323
49861,10,대구여행,여행,국내여행,대구광역시,157,380,537,20220323
49922,1,제주여행,여행,국내여행,제주특별자치도,609,1846,2455,20220330
49923,2,부산여행,여행,국내여행,부산광역시,631,1769,2400,20220330
49924,3,경주여행,여행,국내여행,경상북도,520,1435,1955,20220330
49925,4,여수여행,여행,국내여행,전라남도,328,1008,1336,20220330
49926,5,강릉여행,여행,국내여행,강원도,262,791,1053,20220330
49927,6,남해여행,여행,국내여행,경상남도,265,709,974,20220330
49928,7,전주여행,여행,국내여행,전라북도,244,622,866,20220330
49929,8,군산여행,여행,국내여행,전라북도,199,640,839,20220330
49930,9,속초여행,여행,국내여행,강원도,204,485,689,20220330
49931,10,대구여행,여행,국내여행,대구광역시,149,421,570,20220330
49912,1,제주여행,여행,국내여행,제주특별자치도,715,1841,2556,20220329
49913,2,부산여행,여행,국내여행,부산광역시,753,1654,2407,20220329
49914,3,경주여행,여행,국내여행,경상북도,633,1348,1981,20220329
49915,4,여수여행,여행,국내여행,전라남도,335,1106,1441,20220329
49916,5,강릉여행,여행,국내여행,강원도,288,794,1082,20220329
49917,6,남해여행,여행,국내여행,경상남도,226,809,1035,20220329
49918,7,전주여행,여행,국내여행,전라북도,279,629,908,20220329
49919,8,속초여행,여행,국내여행,강원도,226,558,784,20220329
49920,9,군산여행,여행,국내여행,전라북도,190,574,764,20220329
49921,10,대구여행,여행,국내여행,대구광역시,175,462,637,20220329
49842,1,제주여행,여행,국내여행,제주특별자치도,579,1818,2397,20220322
49843,2,부산여행,여행,국내여행,부산광역시,581,1606,2187,20220322
49844,3,경주여행,여행,국내여행,경상북도,595,1182,1777,20220322
49845,4,여수여행,여행,국내여행,전라남도,349,970,1319,20220322
49846,5,남해여행,여행,국내여행,경상남도,213,767,980,20220322
49847,6,강릉여행,여행,국내여행,강원도,241,659,900,20220322
49848,7,전주여행,여행,국내여행,전라북도,205,601,806,20220322
49849,8,군산여행,여행,국내여행,전라북도,200,517,717,20220322
49850,9,속초여행,여행,국내여행,강원도,180,459,639,20220322
49851,10,대구여행,여행,국내여행,대구광역시,168,395,563,20220322
49872,1,제주여행,여행,국내여행,제주특별자치도,572,1744,2316,20220325
49873,2,부산여행,여행,국내여행,부산광역시,439,1479,1918,20220325
49874,3,경주여행,여행,국내여행,경상북도,429,1281,1710,20220325
49875,4,여수여행,여행,국내여행,전라남도,287,883,1170,20220325
49876,5,강릉여행,여행,국내여행,강원도,187,709,896,20220325
49877,6,남해여행,여행,국내여행,경상남도,187,634,821,20220325
49878,7,전주여행,여행,국내여행,전라북도,186,576,762,20220325
49879,8,군산여행,여행,국내여행,전라북도,166,589,755,20220325
49880,9,속초여행,여행,국내여행,강원도,163,490,653,20220325
49881,10,춘천여행,여행,국내여행,강원도,115,425,540,20220325
49892,1,제주여행,여행,국내여행,제주특별자치도,284,2318,2602,20220327
49893,2,부산여행,여행,국내여행,부산광역시,280,2040,2320,20220327
49894,3,경주여행,여행,국내여행,경상북도,185,1916,2101,20220327
49895,4,여수여행,여행,국내여행,전라남도,134,1277,1411,20220327
49896,5,남해여행,여행,국내여행,경상남도,109,1025,1134,20220327
49897,6,강릉여행,여행,국내여행,강원도,124,847,971,20220327
49898,7,전주여행,여행,국내여행,전라북도,112,807,919,20220327
49899,8,군산여행,여행,국내여행,전라북도,88,803,891,20220327
49900,9,속초여행,여행,국내여행,강원도,70,543,613,20220327
49901,10,춘천여행,여행,국내여행,강원도,52,487,539,20220327
49882,1,제주여행,여행,국내여행,제주특별자치도,312,2046,2358,20220326
49883,2,부산여행,여행,국내여행,부산광역시,222,1974,2196,20220326
49884,3,경주여행,여행,국내여행,경상북도,206,1502,1708,20220326
49885,4,여수여행,여행,국내여행,전라남도,136,1155,1291,20220326
49886,5,남해여행,여행,국내여행,경상남도,97,971,1068,20220326
49887,6,강릉여행,여행,국내여행,강원도,104,896,1000,20220326
49888,7,군산여행,여행,국내여행,전라북도,86,772,858,20220326
49889,8,전주여행,여행,국내여행,전라북도,106,710,816,20220326
49890,9,대구여행,여행,국내여행,대구광역시,79,575,654,20220326
49891,10,속초여행,여행,국내여행,강원도,62,533,595,20220326
49832,1,제주여행,여행,국내여행,제주특별자치도,645,1958,2603,20220321
49833,2,부산여행,여행,국내여행,부산광역시,567,1518,2085,20220321
49834,3,경주여행,여행,국내여행,경상북도,538,1246,1784,20220321
49835,4,여수여행,여행,국내여행,전라남도,366,1002,1368,20220321
49836,5,남해여행,여행,국내여행,경상남도,258,833,1091,20220321
49837,6,강릉여행,여행,국내여행,강원도,229,645,874,20220321
49838,7,전주여행,여행,국내여행,전라북도,217,583,800,20220321
49839,8,군산여행,여행,국내여행,전라북도,152,544,696,20220321
49840,9,속초여행,여행,국내여행,강원도,178,389,567,20220321
49841,10,대구여행,여행,국내여행,대구광역시,188,371,559,20220321
49862,1,제주여행,여행,국내여행,제주특별자치도,531,1572,2103,20220324
49863,2,부산여행,여행,국내여행,부산광역시,536,1481,2017,20220324
49864,3,경주여행,여행,국내여행,경상북도,464,1210,1674,20220324
49865,4,여수여행,여행,국내여행,전라남도,276,861,1137,20220324
49866,5,강릉여행,여행,국내여행,강원도,219,670,889,20220324
49867,6,남해여행,여행,국내여행,경상남도,201,655,856,20220324
49868,7,전주여행,여행,국내여행,전라북도,211,622,833,20220324
49869,8,군산여행,여행,국내여행,전라북도,152,537,689,20220324
49870,9,속초여행,여행,국내여행,강원도,186,426,612,20220324
49871,10,대구여행,여행,국내여행,대구광역시,151,446,597,20220324
49812,1,제주여행,여행,국내여행,제주특별자치도,228,1753,1981,20220319
49813,2,부산여행,여행,국내여행,부산광역시,220,1575,1795,20220319
49814,3,경주여행,여행,국내여행,경상북도,163,1100,1263,20220319
49815,4,여수여행,여행,국내여행,전라남도,138,945,1083,20220319
49816,5,전주여행,여행,국내여행,전라북도,85,674,759,20220319
49817,6,강릉여행,여행,국내여행,강원도,124,633,757,20220319
49818,7,남해여행,여행,국내여행,경상남도,81,668,749,20220319
49819,8,군산여행,여행,국내여행,전라북도,57,643,700,20220319
49820,9,대구여행,여행,국내여행,대구광역시,52,527,579,20220319
49821,10,속초여행,여행,국내여행,강원도,66,407,473,20220319
